  0.22499953210353799        5296.9274954297898        71617.036847764655     
  0.37499953806400355        2188.9467936558767        45713.935973432584     
  0.52499954402446747        4965.6407341679924        181467.70807061600     
  0.67499954998493139        3803.3432948258082        172613.02944826469     
  0.82499955594539698        2846.1532148072688        152468.14681600130     
  0.97499956190586090        4644.1524455386807        249946.46529664792     
   1.1249995678663247        4626.8548798433949        283254.49424684519     
   1.2749995738267905        3124.4507969979973        200778.28000164687     
   1.4249995797872543        5772.5139921535510        372909.55019738869     
   1.5749995857477181        5536.9257522668277        352164.26999597013     
   1.7249995917081840        4435.5998699093680        284548.01385530847     
   1.8749995976686478        5961.0962019338795        432783.37724041572     
   2.0249996036291118        4917.6918729258587        389206.50597851910     
   2.1749996095895772        4037.1652952992349        345059.80815745826     
   2.3249996155500412        5808.3564727001867        464924.24341203150     
   2.4749996215105052        5765.3866921867402        485432.12951674021     
   2.6249996274709706        4305.7264319515152        384731.06215320865     
   2.7749996334314346        6585.5097150476304        537918.44268454029     
   2.9249996393918987        5948.6401712780444        482652.53412047477     
   3.0749996453523640        4804.8089578389163        409406.28516001150     
   3.2249996513128281        6818.0450632316279        576731.85289185157     
   3.3749996572732921        5421.5433920792502        501119.03843173588     
   3.5249996632337575        5558.3557572353975        507406.77966874128     
   3.6749996691942215        6028.2997637451008        583719.77318798483     
   3.8249996751546855        5624.4970350340145        515842.98873593507     
   3.9749996811151509        5771.7261919163529        549306.78146915312     
   4.1249996870756149        5697.2419842750642        592793.01451232552     
   4.2749996930360785        5664.2644650376806        545564.57925622584     
   4.4249996989965448        6462.0399649168330        586817.29579943058     
   4.5749997049570084        6692.8873178041740        621440.52236106980     
   4.7249997109174720        5625.3748847441475        552374.68334749236     
   4.8749997168779373        6765.4219535673392        638361.87572034670     
   5.0249997228384018        6823.9946820875257        636948.10502559179     
   5.1749997287988663        5974.2356568462073        579236.40049743163     
   5.3249997347593307        6387.7363738270215        656535.38342374330     
   5.4749997407197952        6048.8673020110591        665198.26403817011     
   5.6249997466802597        5916.8856665808917        619457.70346601633     
   5.7749997526407242        6100.5987117559589        666798.45164894196     
   5.9249997586011887        6265.0616021414216        687573.52856753196     
   6.0749997645616531        5265.7818279545199        594782.28840580606     
   6.2249997705221176        6557.7307852311342        709987.95702633623     
   6.3749997764825821        6207.2192948706497        715229.10714926675     
   6.5249997824430466        5602.4379230240665        622302.27182935807     
   6.6749997884035110        7274.8816897406923        744483.19407629350     
   6.8249997943639755        6437.2520720295097        725128.87359211035     
   6.9749998003244400        5858.1473033164893        637903.74854942213     
   7.1249998062849045        6938.0953074559093        747364.81701739598     
   7.2749998122453690        7343.6785018492556        728149.00111205119     
   7.4249998182058334        6052.9946888078739        659124.54217134963     
   7.5749998241662970        6999.7093884255455        791535.86695818021     
   7.7249998301267624        6195.5084023756644        723076.63969330245     
   7.8749998360872269        5906.3651974934392        684394.41459689534     
   8.0249998420476896        7668.9764679830541        785708.86919947108     
   8.1749998480081558        6455.5898647961421        706884.00018708257     
   8.3249998539686203        6632.4285776232537        709046.56382470683     
   8.4749998599290830        6618.4125253830143        795746.34177540359     
   8.6249998658895493        6581.9123127971498        741559.29321651498     
   8.7749998718500137        6174.8474528303259        736155.25642390596     
   8.9249998778104764        6580.0835415465717        790664.95761791780     
   9.0749998837709427        5942.4854948226484        712666.52463015087     
   9.2249998897314072        5644.7294195473423        739909.18909189943     
   9.3749998956918699        6619.0585191983782        804855.49109416257     
   9.5249999016523361        5889.5190475136596        741383.00285297481     
   9.6749999076128006        6357.0244846240248        765778.74375226442     
   9.8249999135732633        6475.5855851418928        791385.07693842775     
   9.9749999195337296        6528.1843035231359        753562.72592602740     
   10.124999925494194        6430.6414268501212        760444.23198957299     
   10.274999931454657        6813.0159832632989        791333.46092350513     
   10.424999937415121        6981.3345773294686        767107.73836714856     
   10.574999943375586        5894.7700582833213        774280.12435629114     
   10.724999949336050        6512.6614002048491        809718.74645954138     
   10.874999955296518        5917.3595866821115        749824.76756853145     
   11.024999961256979        6088.6492134494274        805202.01733009017     
   11.174999967217444        6568.6328792281874        792226.38447834947     
   11.324999973177908        6365.8572949146510        744818.00626752386     
   11.474999979138373        6727.7573475018353        806360.31480296596     
   11.624999985098837        7239.4007706319935        820192.52350982965     
   11.774999991059305        5864.7007629953368        758646.24610565300     
   11.924999997019766        6276.7666738620419        816567.35132297722     
