# k - pk [-20, -10, 0, 10, 20, 100, 200]
1.000000000000000021e-03 1.704481647482727567e+03 3.359469399223262371e+02 5.351559459696171871e+03 1.675131920680426265e+04 3.453522618124660221e+04 4.066357821608183440e+05 1.446334727595364209e+06
1.031721933452994571e-03 1.238423409195275781e+03 4.704477932942711504e+02 5.509641334351894329e+03 1.635600403236814964e+04 3.300953588734303048e+04 3.752958803776526474e+05 1.325799035116816172e+06
1.064450147967984425e-03 8.642992409476723878e+02 6.270385391091464271e+02 5.672097043062361990e+03 1.599947475280731487e+04 3.160917166834400632e+04 3.466502384011400281e+05 1.215860300338392146e+06
1.098216564725855004e-03 5.733248955493673975e+02 8.037291801027374731e+02 5.839024330871372513e+03 1.567921034785526354e+04 3.032428723105440804e+04 3.204609734803973115e+05 1.115572009251449490e+06
1.133054117509064854e-03 3.576125793147851937e+02 9.987470630792623751e+02 6.010520390432128806e+03 1.539293256137338176e+04 2.914598357590301021e+04 2.965133900613223086e+05 1.024080144091051538e+06
1.168996784823328992e-03 2.098893447137302815e+02 1.210473602652058617e+03 6.186682650841637042e+03 1.513851648928246686e+04 2.806597511797454717e+04 2.746081365965561708e+05 9.405920695673966547e+05
1.206079623038258013e-03 1.236336643283110561e+02 1.437473042391805393e+03 6.367609425356253269e+03 1.491404281322165116e+04 2.707677320598801452e+04 2.545653085245530820e+05 8.643927081138459034e+05
1.244338800579290576e-03 9.301892635087074268e+01 1.678476730186551777e+03 6.553399425996678474e+03 1.471778701378124970e+04 2.617163949354025681e+04 2.362231954426923767e+05 7.948394806568326894e+05
1.283811633204245918e-03 1.126797364145202067e+02 1.932331672922899088e+03 6.744151851893206185e+03 1.454814027332543810e+04 2.534429693721958756e+04 2.194316069770023169e+05 7.313358863483039895e+05
1.324536620398930001e-03 1.777944357848261632e+02 2.198016829344016060e+03 6.939966241592765073e+03 1.440364267253107755e+04 2.458904612215894304e+04 2.040544463920061244e+05 6.733416284113752190e+05
1.366553482927279064e-03 2.840762510779999275e+02 2.474637246727908860e+03 7.140940696899868271e+03 1.428298660159388419e+04 2.390077496080995843e+04 1.899698101973323210e+05 6.203729251499697566e+05
1.409903201572656247e-03 4.275859415827933390e+02 2.761383951032555615e+03 7.347172011941156597e+03 1.418495012430859606e+04 2.327471828813485990e+04 1.770645054512631032e+05 5.719808440364687704e+05
1.454628057108106566e-03 6.047762662511051985e+02 3.057542147031792410e+03 7.558755921641006353e+03 1.410841759007875044e+04 2.270652715234501738e+04 1.652355278283019725e+05 5.277570891178154852e+05
1.500771671534548808e-03 8.125078413833867899e+02 3.362491970938403028e+03 7.775787864274821004e+03 1.405239552139265288e+04 2.219231494229187956e+04 1.543908938056161278e+05 4.873371761250977870e+05
1.548379050627107225e-03 1.047904737990096692e+03 3.675678447840381068e+03 7.998362492817092061e+03 1.401595687292023649e+04 2.172846158814979572e+04 1.444452713745377259e+05 4.503832137689008377e+05
1.597496627831111217e-03 1.308374057419033761e+03 3.996614467647350921e+03 8.226573545154313251e+03 1.399825128993993167e+04 2.131164770200418934e+04 1.353206910205495951e+05 4.165866752238098416e+05
1.648172309550551473e-03 1.591631120327837607e+03 4.324883237707018452e+03 8.460514401342028577e+03 1.399852461123286957e+04 2.093891386737954235e+04 1.269476735817627050e+05 3.856727373877665377e+05
1.700455521873182494e-03 1.895590544351489825e+03 4.660114527598201676e+03 8.700274449784965327e+03 1.401607031091178760e+04 2.060750211097865758e+04 1.192618503133554477e+05 3.573870200709311757e+05
1.754397258777820774e-03 2.218369225815503341e+03 5.001983484718147338e+03 8.945937454580118356e+03 1.405023113540141094e+04 2.031486452718202781e+04 1.122041612559625210e+05 3.314963561532770982e+05
1.810050131870884985e-03 2.558311217528038924e+03 5.350212882454249666e+03 9.197582606682586629e+03 1.410042039021305209e+04 2.005872623304563240e+04 1.057220231105828716e+05 3.077932695446957368e+05
1.867468421700677365e-03 2.913912048671183129e+03 5.704560147957929075e+03 9.455286155501642497e+03 1.416609007130232021e+04 1.983697189535995858e+04 9.976683118507199106e+04 2.860861670403387980e+05
1.926708130699435065e-03 3.283813841110569228e+03 6.064816227774700565e+03 9.719121609506686582e+03 1.424672998630652910e+04 1.964764135817421629e+04 9.429384015555842780e+04 2.661988582083953661e+05
1.987827037804826280e-03 3.666825831840647879e+03 6.430805852082005913e+03 9.989158968504998484e+03 1.434188518110963560e+04 1.948898448989590179e+04 8.926321042272492195e+04 2.479745714951084228e+05
2.050884754814131985e-03 4.061872565860845953e+03 6.802378880856337673e+03 1.026546509595107455e+04 1.445113121114506066e+04 1.935937722643828238e+04 8.463822175235692703e+04 2.312689684186873201e+05
2.115942784526107269e-03 4.467983538126441999e+03 7.179407336148394279e+03 1.054810211417817482e+04 1.457406787221576815e+04 1.925730461026119519e+04 8.038495379490617779e+04 2.159489034764163080e+05
2.183064580727188311e-03 4.884305909030098519e+03 7.561781852729981438e+03 1.083712352319677666e+04 1.471033092043047509e+04 1.918140404443108491e+04 7.647315520004456630e+04 2.018957595535829314e+05
2.252315610080603617e-03 5.310070808166267852e+03 7.949406957872953171e+03 1.113257527994009797e+04 1.485957577436770771e+04 1.913040844115578875e+04 7.287502798043708026e+04 1.890006979169804545e+05
2.323763415978721478e-03 5.744583124720380511e+03 8.342200250576561302e+03 1.143449653448725985e+04 1.502147197645247434e+04 1.910312657647221567e+04 6.956481306659278926e+04 1.771630454041500343e+05
2.397477684420901752e-03 6.187232278835977013e+03 8.740092190331015445e+03 1.174292092445017806e+04 1.519571848119345668e+04 1.909848486056084948e+04 6.651949350996834983e+04 1.662929483578984218e+05
2.473530311981141268e-03 6.637470182777060472e+03 9.143022009940961652e+03 1.205787546533623026e+04 1.538203054896287722e+04 1.911548726082088979e+04 6.371799957201441430e+04 1.563082865018298617e+05
2.551995475931769300e-03 7.094801274846203341e+03 9.550936829669542931e+03 1.237938035622023199e+04 1.558013185449826778e+04 1.915319132450367397e+04 6.114075406673141697e+04 1.471329249499776051e+05
2.632949706591620163e-03 7.558788062925341364e+03 9.963789760585465046e+03 1.270744899567299399e+04 1.578976576818794274e+04 1.921074007813032222e+04 5.877020590505632572e+04 1.386987165571813239e+05
2.716471961969201595e-03 8.029034318030360737e+03 1.038153358445974663e+04 1.304208307339733256e+04 1.601068278484311304e+04 1.928733271879709355e+04 5.659034020072420390e+04 1.309436195788712066e+05
2.802643704773711240e-03 8.505176574138069554e+03 1.080412037949049045e+04 1.338327218338062812e+04 1.624263198580846256e+04 1.938219978677401014e+04 5.458623014185595093e+04 1.238099879541022383e+05
2.891548981868996993e-03 8.986886849184871608e+03 1.123149997710049502e+04 1.373099473175295498e+04 1.648537111314223876e+04 1.949462912126836454e+04 5.274443174880320294e+04 1.172460314395364403e+05
2.983274506247919622e-03 9.473866062865916319e+03 1.166362000707234802e+04 1.408521960769243742e+04 1.673866486472620454e+04 1.962395577817363665e+04 5.105272671664516383e+04 1.112047994669646869e+05
3.077909741607131808e-03 9.965837693691779350e+03 1.210042604577724342e+04 1.444590541200021653e+04 1.700227579236069505e+04 1.976953718685867716e+04 4.949970485179279058e+04 1.056426057053360128e+05
3.175546989604713724e-03 1.046254734204605120e+04 1.254185875784365271e+04 1.481299979097527284e+04 1.727597044144091342e+04 1.993077070924056170e+04 4.807503907566230191e+04 1.005200400937508093e+05
3.276281479885811889e-03 1.096375832053929480e+04 1.298785326603413523e+04 1.518644026994118212e+04 1.755951933226043911e+04 2.010709045299189529e+04 4.676937352168295183e+04 9.580151261464513664e+04
3.380211462964024475e-03 1.146924373556257706e+04 1.343833577408689052e+04 1.556614897578214368e+04 1.785268334064836381e+04 2.029793886868552363e+04 4.557394496713712579e+04 9.145385727558733197e+04
3.487438306049218777e-03 1.197878105534067618e+04 1.389321688432228439e+04 1.595202771298354855e+04 1.815521354132446140e+04 2.050277436934503567e+04 4.448076098197737156e+04 8.744699421893701947e+04
3.598066591915136288e-03 1.249215009938519506e+04 1.435239223546405265e+04 1.634396060520403262e+04 1.846685520860511679e+04 2.072107604566731607e+04 4.348258715396503248e+04 8.375383706883745617e+04
3.712204220903311466e-03 1.300913364598804765e+04 1.481574659314931523e+04 1.674181627722903795e+04 1.878734269822723581e+04 2.095232585614389245e+04 4.257263364854166866e+04 8.034912471170038043e+04
3.829962516162732037e-03 1.352951687315010895e+04 1.528315328307013988e+04 1.714544910930893093e+04 1.911640435186650211e+04 2.119601901074283887e+04 4.174467526922914112e+04 7.720984306102604023e+04
3.951456332227905668e-03 1.405308220997671015e+04 1.575447058853296949e+04 1.755469749284147838e+04 1.945376292290223137e+04 2.145166687871523027e+04 4.099308545230020536e+04 7.431532598698360380e+04
4.076804167041253937e-03 1.457961062689712708e+04 1.622954501480309227e+04 1.796938470463962585e+04 1.979912969640671872e+04 2.171877999010435815e+04 4.031257320918578625e+04 7.164629190678799932e+04
4.206128277529023150e-03 1.510887806802178966e+04 1.670820791983337767e+04 1.838931672908485780e+04 2.015220449577624095e+04 2.199687121990751621e+04 3.969824748079415440e+04 6.918507397649342602e+04
4.339554798843557951e-03 1.564063940965397342e+04 1.719026039281641351e+04 1.881426884161078124e+04 2.051266475603709114e+04 2.228544813609534322e+04 3.914566393931104540e+04 6.691580560020507255e+04
4.477213867388096097e-03 1.617463326665238128e+04 1.767547922583256150e+04 1.924398932488246282e+04 2.088016356380208163e+04 2.258400194259140699e+04 3.865061800821582437e+04 6.482366067852071137e+04
4.619239747744205773e-03 1.671058340528808185e+04 1.816361894233887506e+04 1.967820253726775263e+04 2.125433419007470729e+04 2.289201390075974268e+04 3.820918166985081916e+04 6.289496659024164546e+04
4.765770963625570733e-03 1.724819930544997987e+04 1.865441417129448018e+04 2.011661404484380182e+04 2.163479892609795206e+04 2.320896881505692727e+04 3.781778820410242042e+04 6.111746313384346286e+04
4.916950432985915144e-03 1.778717654370972741e+04 1.914757998983906145e+04 2.055890833104145713e+04 2.202116156731691808e+04 2.353433969866543703e+04 3.747306097208408755e+04 5.947970312043339072e+04
5.072925607412766616e-03 1.832719627007957024e+04 1.964281168013790375e+04 2.100474888940927121e+04 2.241300789789365444e+04 2.386758870559108254e+04 3.717181993883945688e+04 5.797107090957250330e+04
5.233848615943101357e-03 1.886792312135521570e+04 2.013978442051067759e+04 2.145378061171800437e+04 2.280991169497717419e+04 2.420817767028822345e+04 3.691116158664359682e+04 5.658203176675536815e+04
5.399876413441096965e-03 1.940898825527116787e+04 2.063813530120211726e+04 2.190560889451157709e+04 2.321140903519951462e+04 2.455553572326594440e+04 3.668830493342308182e+04 5.530365571018371702e+04
5.571170933682670530e-03 1.994998462802758513e+04 2.113745860842474212e+04 2.235979475805090624e+04 2.361699307690607384e+04 2.490905356499020127e+04 3.650057556190696778e+04 5.412757328866198804e+04
5.747899247296209442e-03 2.049047052461350540e+04 2.163731162395694628e+04 2.281586371430128565e+04 2.402612679564652353e+04 2.526810086799259807e+04 3.634548912279285287e+04 5.304621363137209119e+04
5.930233724713451608e-03 2.102998152471437061e+04 2.213722622039860653e+04 2.327331566962111901e+04 2.443824987238193717e+04 2.563202882868100278e+04 3.622067160645176045e+04 5.205250289711057121e+04
6.118352204289516372e-03 2.156803263151155261e+04 2.263671081760422749e+04 2.373162640864773493e+04 2.485277940464207131e+04 2.600016980558726209e+04 3.612383959137886268e+04 5.113979326919378218e+04
6.312438165755971525e-03 2.210411143828443164e+04 2.313524529344569964e+04 2.419024489774992981e+04 2.526911025119714395e+04 2.637184135378733481e+04 3.605285714365571039e+04 5.030204430385857268e+04
6.512680909176218544e-03 2.263768548351140271e+04 2.363228778486201190e+04 2.464859864864496558e+04 2.568661807486028192e+04 2.674634606350796093e+04 3.600567822025428904e+04 4.953361403509950469e+04
6.719275739577695340e-03 2.316819009972217464e+04 2.412726175978035826e+04 2.510607965516890908e+04 2.610464378588786349e+04 2.712295415193718145e+04 3.598030155222546455e+04 4.882914698232010414e+04
6.932424157440900125e-03 2.369499592018000840e+04 2.461952474378994884e+04 2.556201483998790354e+04 2.652246620877385431e+04 2.750087885014781568e+04 3.597478579430768150e+04 4.818368400742804806e+04
7.152334055231171842e-03 2.421742773809590653e+04 2.510838723219970052e+04 2.601568445996526134e+04 2.693931942139262537e+04 2.787929211648178898e+04 3.598723208901943872e+04 4.759255308425254771e+04
7.379219920164795284e-03 2.473477786268874479e+04 2.559312550722592641e+04 2.646633401588669949e+04 2.735440338867106038e+04 2.825733362557895816e+04 3.601576662929114536e+04 4.705128565505334700e+04
7.613303043407274387e-03 2.524631387519341661e+04 2.607299123006227092e+04 2.691318604964921906e+04 2.776689833395427195e+04 2.863412808297739684e+04 3.605859480501351209e+04 4.655575003218642814e+04
7.854811735907721651e-03 2.575127428052642063e+04 2.654720671657274215e+04 2.735543471417430919e+04 2.817595827333114721e+04 2.900877739404325985e+04 3.611397057572939957e+04 4.610206259281055827e+04
8.103981551079978210e-03 2.624887697341955936e+04 2.701497243243916455e+04 2.779225194863099387e+04 2.858071552199505823e+04 2.938036315253137582e+04 3.618017025502234173e+04 4.568649427863744495e+04
8.361055514547634585e-03 2.673831640285548929e+04 2.747546557391416354e+04 2.822278773661664673e+04 2.898028289096296794e+04 2.974795103695314538e+04 3.625552390405259939e+04 4.530555923587231518e+04
8.626284361176907514e-03 2.721869713215059164e+04 2.792777280085907478e+04 2.864610183858788514e+04 2.937368424533703728e+04 3.011052002110654212e+04 3.633832751199472114e+04 4.495589008743547311e+04
8.899926779628770240e-03 2.768905190972540004e+04 2.837090743835168178e+04 2.906117981204216267e+04 2.975986903079683907e+04 3.046697509461573645e+04 3.642683002747807041e+04 4.463416474933409336e+04
9.182249664668669029e-03 2.814836388783000439e+04 2.880383337434264831e+04 2.946695876453027813e+04 3.013774005839289384e+04 3.081617725593051000e+04 3.651928736853082228e+04 4.433720634002998122e+04
9.473528377480069929e-03 2.859559612375007782e+04 2.922549520965117699e+04 2.986235808005555373e+04 3.050618473496323350e+04 3.115697517437422357e+04 3.661399493178058765e+04 4.406201023383500433e+04
9.774047014235539080e-03 2.902969369943493439e+04 2.963481899493024321e+04 3.024627850565656991e+04 3.086407223161390721e+04 3.148820017280228058e+04 3.670925545062568563e+04 4.380565391869618907e+04
1.008409868318756349e-02 2.944958190463409846e+04 3.003071132346267041e+04 3.061760226648270327e+04 3.121025473369423707e+04 3.180866872509722816e+04 3.680339552721424843e+04 4.356534120709305716e+04
1.040398579054906472e-02 2.985418086918980043e+04 3.041207462658977965e+04 3.097520901339100237e+04 3.154358402959346131e+04 3.211719967519714919e+04 3.689478749847111612e+04 4.333842892367459717e+04
1.073402033544275901e-02 3.024234989992912597e+04 3.077774960994126013e+04 3.131791613707818760e+04 3.186284948133985017e+04 3.241254964272628422e+04 3.698175635030913691e+04 4.312227827601614990e+04
1.107452421420676396e-02 3.061284744488374054e+04 3.112647560936548689e+04 3.164443958202003705e+04 3.216673936284738375e+04 3.269337495184753425e+04 3.706254875806956261e+04 4.291423875139912707e+04
1.142582953435340373e-02 3.096438301460923321e+04 3.145694393770685201e+04 3.195344864151678848e+04 3.245389712603909720e+04 3.295828939127369813e+04 3.713540361879493139e+04 4.271173666730696277e+04
1.178827893848742245e-02 3.129565835076917574e+04 3.176783796019715737e+04 3.224360476263545206e+04 3.272295875808405617e+04 3.320589994654293696e+04 3.719856840258483862e+04 4.251225134356423223e+04
1.216222593849945223e-02 3.160538658353003848e+04 3.205785283551890825e+04 3.251358190485912201e+04 3.297257379155067611e+04 3.343482849559359602e+04 3.725032755258528050e+04 4.231335493544602650e+04
1.254803526036081703e-02 3.189228183893938694e+04 3.232568591387502966e+04 3.276205776701836294e+04 3.320139739836938679e+04 3.364370480792812305e+04 3.728900409987503372e+04 4.211272825350133644e+04
1.294608319985580437e-02 3.215508642953203889e+04 3.257006272845307103e+04 3.298773844223926426e+04 3.340811357089063677e+04 3.383118811440715217e+04 3.731296339768537291e+04 4.190812983964817977e+04
1.335675798959855623e-02 3.239254625299176405e+04 3.278971245275893307e+04 3.318933394618218153e+04 3.359141073326149490e+04 3.399594281399687316e+04 3.732059003149846831e+04 4.169737548242177581e+04
1.378046017769235521e-02 3.260326655414434936e+04 3.298322381064109504e+04 3.336541431698504311e+04 3.374983807317620085e+04 3.413649507921459008e+04 3.731014812202127359e+04 4.147820691177876870e+04
1.421760301840074674e-02 3.278580448116565822e+04 3.314913714395259012e+04 3.351450109156330291e+04 3.388189632399777474e+04 3.425132284125607111e+04 3.727986123297851009e+04 4.124834985677198711e+04
1.466861287521155008e-02 3.293872639687320043e+04 3.328600212962410296e+04 3.363512542689392285e+04 3.398609628868263826e+04 3.433891471499027102e+04 3.722797444813216862e+04 4.100557992126148019e+04
1.513392963668674408e-02 3.306066365088879684e+04 3.339243483198817557e+04 3.372588647138076340e+04 3.406101856906650937e+04 3.439783112504544988e+04 3.715282807143182436e+04 4.074781550080166198e+04
1.561400714550401428e-02 3.315031006713410898e+04 3.346711407867551316e+04 3.378544655524496920e+04 3.410530749684241164e+04 3.442669690346788411e+04 3.705283689748025063e+04 4.047307374251714646e+04
1.610931364110827421e-02 3.320643549432684085e+04 3.350879487085903384e+04 3.381254445059921272e+04 3.411768423354737024e+04 3.442421421970355004e+04 3.692650142444053199e+04 4.017947871908103843e+04
1.662033221640492331e-02 3.322789960288062866e+04 3.351632316882748273e+04 3.380601117860123486e+04 3.409696363220192870e+04 3.438918052962954243e+04 3.677243568681933539e+04 3.986530457772904629e+04
1.714756128894038070e-02 3.321359230639255111e+04 3.348857521891185024e+04 3.376470819092215970e+04 3.404199122242343583e+04 3.432042431341570045e+04 3.658929118302965799e+04 3.952888012423648615e+04
1.769151508702928449e-02 3.316244898839202506e+04 3.342447253545052081e+04 3.368754209255325986e+04 3.395165765970022039e+04 3.421681923689140967e+04 3.637576821601329721e+04 3.916859534389653709e+04
1.825272415130267667e-02 3.307349749897541915e+04 3.332303002017986000e+04 3.357351391015084664e+04 3.382494916888840089e+04 3.407733579639253730e+04 3.613067809202181525e+04 3.878297915054920304e+04
1.883173585216615931e-02 3.294589697846093623e+04 3.318339429055384244e+04 3.342175689158770547e+04 3.366098478156245255e+04 3.390107796047816373e+04 3.585297379367683607e+04 3.837071958985815581e+04
1.942911492367293755e-02 3.277896203996273107e+04 3.300486748402476223e+04 3.323155991583924333e+04 3.345903933540618891e+04 3.368730574272559170e+04 3.554176856036961544e+04 3.793067598014636314e+04
2.004544401433227402e-02 3.257216295441842522e+04 3.278690820717620227e+04 3.300236922610492911e+04 3.321854601120460575e+04 3.343543856247523945e+04 3.519634655479479989e+04 3.746190050058023917e+04
2.068132425539064012e-02 3.232510947824319737e+04 3.252911490479945496e+04 3.273377131958999962e+04 3.293907872261478042e+04 3.314503711387385556e+04 3.481613982038009999e+04 3.696360714459710289e+04
2.133737584713994717e-02 3.203768647285889165e+04 3.223136133152370530e+04 3.242562825521496779e+04 3.262048724393267548e+04 3.281593829767683928e+04 3.440086106858272251e+04 3.643530038459615025e+04
2.201423866382444181e-02 3.171021929962297872e+04 3.189396307745207741e+04 3.207824532441695919e+04 3.226306604051768227e+04 3.244842522575415205e+04 3.395068359653539665e+04 3.587696878223476961e+04
2.271257287773660941e-02 3.134329815031906037e+04 3.151750103213206603e+04 3.169219363677621368e+04 3.186737596425153242e+04 3.204304801455794222e+04 3.346605443893065240e+04 3.528888752419953380e+04
2.343305960311046002e-02 3.093772410814771138e+04 3.110276670412984458e+04 3.126825468333291428e+04 3.143418804575689865e+04 3.160056679140179403e+04 3.294763055251409241e+04 3.467154474378730083e+04
2.417640156044037480e-02 3.049443932061942905e+04 3.065069280120191252e+04 3.080735133410828712e+04 3.096441491933855286e+04 3.112188355689270247e+04 3.239621454098567483e+04 3.402558298025151453e+04
2.494332376187353983e-02 3.001457757791884069e+04 3.016240396034604419e+04 3.031059871397040843e+04 3.045916183879199161e+04 3.060809333481072463e+04 3.181280666605919032e+04 3.335185173786613450e+04
2.573457421834417919e-02 2.949940538628896320e+04 2.963915711928080418e+04 2.977924385914142113e+04 2.991966560587086133e+04 3.006042235946910296e+04 3.119853663553206206e+04 3.265133009880323516e+04
2.655092466913962918e-02 2.895038047820219072e+04 2.908240065612186663e+04 2.921472549305884604e+04 2.934735498901317624e+04 2.948028914398483175e+04 3.055473010838195114e+04 3.192520062543801396e+04
2.739317133460954928e-02 2.837027107490641720e+04 2.849489622375382169e+04 2.861979843047795293e+04 2.874497769507885459e+04 2.887043401755651576e+04 2.988405868094072139e+04 3.117602471907853396e+04
2.826213569275249846e-02 2.776263627502875897e+04 2.788019711392962927e+04 2.799800990601193917e+04 2.811607465127571049e+04 2.823439134972093962e+04 2.918999525181528224e+04 3.040717591576448467e+04
2.915866528043749642e-02 2.713123471490998054e+04 2.724205579233203753e+04 2.735310598807928181e+04 2.746438530215168794e+04 2.757589373454928136e+04 2.847620945343636413e+04 2.962222475131114697e+04
3.008363452004166397e-02 2.647962504434695802e+04 2.658402401152297898e+04 2.668863132919156487e+04 2.679344699735272661e+04 2.689847101600645692e+04 2.774616378296876428e+04 2.882453128600280252e+04
3.103794557231063719e-02 2.581130423922078990e+04 2.590959093740697426e+04 2.600806709721737934e+04 2.610673271865200513e+04 2.620558780171088438e+04 2.700324908465435510e+04 2.801737723451481725e+04
3.202252921627312537e-02 2.512967492277726706e+04 2.522215081468362769e+04 2.531479898735989627e+04 2.540761944080607645e+04 2.550061217502221552e+04 2.625075615646817459e+04 2.720394140256829633e+04
3.303834575706830062e-02 2.443779126161176828e+04 2.452474895813603871e+04 2.461186331004488238e+04 2.469913431733830657e+04 2.478656198001634039e+04 2.549162287528544766e+04 2.638704797898431207e+04
3.408638596257104747e-02 2.373978603295355424e+04 2.382151070520046778e+04 2.390337782162700387e+04 2.398538738223318796e+04 2.406753938701899460e+04 2.472988341577209940e+04 2.557063342788024238e+04
3.516767202972879980e-02 2.304131760733723422e+04 2.311808927606546422e+04 2.319499046302608986e+04 2.327202116821908567e+04 2.334918139164447348e+04 2.397112583541350250e+04 2.476021303103954779e+04
3.628325858155259653e-02 2.234791950924947741e+04 2.242001261791379511e+04 2.249222348932901150e+04 2.256455212349512294e+04 2.263699852041214763e+04 2.322080915478046882e+04 2.396117109532147515e+04
3.743423369573438408e-02 2.166465340284923514e+04 2.173233550829033265e+04 2.180012468533231004e+04 2.186802093397514909e+04 2.193602425421890075e+04 2.248390539380019618e+04 2.317839326235545741e+04
3.862171996589429390e-02 2.099594027531838219e+04 2.105947071533183043e+04 2.112309850294261560e+04 2.118682363815068675e+04 2.125064612095608027e+04 2.176473049690215703e+04 2.241609725059226548e+04
3.984687559649258831e-02 2.034563662357759677e+04 2.040526597717083860e+04 2.046498383507254039e+04 2.052479019728268031e+04 2.058468506380128019e+04 2.106703015105411032e+04 2.167792689788035932e+04
4.111089553247426059e-02 1.971714100930931454e+04 1.977311037725772621e+04 1.982916020722291432e+04 1.988529049920487523e+04 1.994150125320363077e+04 2.039408391779769590e+04 2.096705383005044132e+04
4.241501262474842160e-02 1.911342310324325808e+04 1.916596353328641271e+04 1.921857711082898822e+04 1.927126383587098098e+04 1.932402370841240554e+04 1.974873599872303748e+04 2.028620963655945889e+04
4.376049883263859186e-02 1.853710861361342540e+04 1.858644119436809342e+04 1.863584027076220082e+04 1.868530584279574032e+04 1.873483791046869374e+04 1.913348829487200055e+04 1.963778588292508357e+04
4.514866646447740495e-02 1.799043337636655633e+04 1.803676893903661403e+04 1.808316494827345741e+04 1.812962140407710831e+04 1.817613830644753034e+04 1.855044960181535134e+04 1.902377891203612671e+04
4.658086945755498393e-02 1.747531177265994120e+04 1.751885065550524087e+04 1.756244448349022787e+04 1.760609325661491675e+04 1.764979697487927479e+04 1.800140474602286849e+04 1.844585952252409697e+04
4.805850469867014446e-02 1.699344799290524315e+04 1.703438039538650628e+04 1.707536274014243827e+04 1.711639502717305004e+04 1.715747725647833431e+04 1.748793301280887317e+04 1.790549751294271118e+04
4.958301338657179064e-02 1.654450755906128325e+04 1.658301157565781978e+04 1.662156098526399001e+04 1.666015578787982668e+04 1.669879598350528977e+04 1.700955169685631336e+04 1.740208170941322896e+04
5.115588243761953063e-02 1.612647488228708062e+04 1.616271502484957273e+04 1.619899642325012246e+04 1.623531907748871163e+04 1.627168298756533295e+04 1.656407947834777224e+04 1.693328811724947082e+04
5.277864593603491528e-02 1.573724395185306275e+04 1.577137220678123413e+04 1.580553795545665889e+04 1.583974119787932796e+04 1.587398193404923222e+04 1.614925759830923744e+04 1.649672661588613482e+04
5.445288663015695335e-02 1.537333107138497508e+04 1.540548634796760598e+04 1.543767569752046074e+04 1.546989912004356665e+04 1.550215661553690370e+04 1.576144320641215927e+04 1.608861801232757716e+04
5.618023747616222169e-02 1.502994539371355677e+04 1.506025301751222105e+04 1.509059160358810550e+04 1.512096115194122467e+04 1.515136166257156765e+04 1.539568038959453224e+04 1.570386540332375625e+04
5.796238323075447035e-02 1.470157924343991181e+04 1.473015161600744796e+04 1.475875212232482954e+04 1.478738076239207112e+04 1.481603753620915995e+04 1.504630454174065926e+04 1.533667033614192587e+04
5.980106209437740378e-02 1.438166961185738000e+04 1.440860645194211611e+04 1.443556885405344292e+04 1.446255681819136771e+04 1.448957034435588503e+04 1.470659878662945812e+04 1.498018492186498588e+04
6.169806740655364025e-02 1.406282332106222748e+04 1.408821199399685065e+04 1.411362389055053063e+04 1.413905901072325833e+04 1.416451735451505556e+04 1.436902015513538026e+04 1.462673878162582150e+04
6.365524939500268042e-02 1.373736464325980160e+04 1.376128131399193444e+04 1.378521908218899262e+04 1.380917794785097976e+04 1.383315791097789042e+04 1.402575712473046588e+04 1.426840491376442151e+04
6.567451698024469320e-02 1.339766990423286188e+04 1.342018078679631435e+04 1.344271083387275212e+04 1.346526004546216609e+04 1.348782842156455808e+04 1.366906535285101927e+04 1.389733632312732880e+04
6.775783963744957950e-02 1.303652352291708667e+04 1.305768611766379036e+04 1.307886611951395571e+04 1.310006352846757363e+04 1.312127834452466595e+04 1.329162352870600444e+04 1.350612164824429055e+04
6.990724931734740299e-02 1.264780861888259460e+04 1.266767351032150873e+04 1.268755421110594034e+04 1.270745072123587306e+04 1.272736304071132508e+04 1.288723073295316681e+04 1.308848818935121017e+04
7.212484242807419565e-02 1.222719653031201415e+04 1.224580936211501285e+04 1.226443655084303828e+04 1.228307809649608498e+04 1.230173399907415478e+04 1.245149806899945906e+04 1.263999527965802918e+04
7.441278187988524528e-02 1.177248335673421207e+04 1.178988664624710509e+04 1.180730297232868725e+04 1.182473233497896217e+04 1.184217473419792077e+04 1.198218324442234916e+04 1.215836717338477865e+04
7.677329919473117881e-02 1.128423628105029275e+04 1.130047150501160650e+04 1.131671856526098054e+04 1.133297746179842761e+04 1.134924819462395499e+04 1.147984016359869747e+04 1.164414539074354252e+04
7.920869668275323794e-02 1.076613429949128295e+04 1.078124388304599961e+04 1.079636421192598755e+04 1.081149528613125040e+04 1.082663710566179725e+04 1.094815849361607980e+04 1.110102730783379775e+04
8.172134968782193698e-02 1.022478407394529677e+04 1.023881297896962678e+04 1.025285163770063809e+04 1.026690005013831797e+04 1.028095821628265730e+04 1.039377467887755847e+04 1.053567309072154421e+04
8.431370890430792131e-02 9.669674827770146294e+03 9.682671988123354822e+03 9.695678000866106231e+03 9.708692865998404159e+03 9.721716583520232234e+03 9.826225009718427827e+03 9.957657257524975648e+03
8.698830276734548228e-02 9.112386965652718573e+03 9.124406149148626355e+03 9.136433365930417494e+03 9.148468615998104724e+03 9.160511899351666216e+03 9.257147364472059053e+03 9.378664691602190942e+03
8.974773991892016911e-02 8.565738958303852996e+03 8.576839043165437033e+03 8.587946416930286432e+03 8.599061079598388460e+03 8.610183031169748574e+03 8.699421044257907852e+03 8.811624561911272394e+03
9.259471175218476902e-02 8.042882408343886709e+03 8.053127136232344128e+03 8.063378476543742181e+03 8.073636429278072683e+03 8.083900994435332905e+03 8.166255562919089243e+03 8.269793891587896724e+03
9.553199503648675261e-02 7.555636483900124404e+03 7.565093312375731330e+03 7.574556138613028452e+03 7.584024962612020317e+03 7.593499784372696013e+03 7.669514277879045949e+03 7.765072193314236756e+03
9.856245462566598503e-02 7.113667400421612001e+03 7.122405855241167956e+03 7.131149749352856816e+03 7.139899082756691314e+03 7.148653855452658718e+03 7.218887851537463575e+03 7.307169882936025715e+03
1.016890462522651722e-01 6.723514299485432275e+03 6.731603817412455101e+03 6.739698267214233056e+03 6.747797648890762503e+03 6.755901962442047079e+03 6.820914018343408316e+03 6.902622956947842795e+03
1.049148194103779047e-01 6.387447498728209212e+03 6.394954774893428294e+03 6.402466521990655565e+03 6.409982740019888297e+03 6.417503428981128309e+03 6.477829894223230440e+03 6.553640359656348664e+03
1.082429203299468540e-01 6.103481909123637706e+03 6.110468377653794050e+03 6.117458898421921731e+03 6.124453471428021658e+03 6.131452096672090192e+03 6.187586979191659339e+03 6.258120283758628830e+03
1.116765950454112338e-01 5.865144520548950823e+03 5.871663938309793593e+03 5.878187027991525611e+03 5.884713789594160517e+03 5.891244223117692854e+03 5.943619880458262742e+03 6.009419925014773980e+03
1.152191925616986717e-01 5.661639162395817948e+03 5.667735814460465008e+03 5.673835793059574826e+03 5.679939098193156497e+03 5.686045729861211839e+03 5.735018538446556704e+03 5.796533937280547434e+03
1.188741681206486461e-01 5.479060972730367212e+03 5.484768831225603208e+03 5.490479702626466860e+03 5.496193586932965445e+03 5.501910484145098962e+03 5.547754126444941903e+03 5.605329840826698273e+03
1.226450865710519561e-01 5.301472221100112620e+03 5.306814905746906334e+03 5.312160318513061611e+03 5.317508459398583000e+03 5.322859328403467771e+03 5.365764492739618618e+03 5.419641478902499330e+03
1.265356258455956340e-01 5.113232402422079758e+03 5.118224619446656106e+03 5.123219306050991690e+03 5.128216462235089239e+03 5.133216087998936928e+03 5.173301998981029101e+03 5.223631649886841842e+03
1.305495805481025062e-01 4.901834405821196924e+03 4.906484345429192217e+03 4.911136519941736879e+03 4.915790929358826361e+03 4.920447573680461574e+03 4.957781184817245048e+03 5.004649340147428120e+03
1.346908656545657834e-01 4.659867664509416500e+03 4.664179986174817714e+03 4.668494329740438843e+03 4.672810695206273522e+03 4.677129082572321749e+03 4.711748969908504478e+03 4.755205800098157852e+03
1.389635203315861545e-01 4.387812908540151511e+03 4.391792482253187700e+03 4.395773884576929049e+03 4.399757115511370102e+03 4.403742175056517226e+03 4.435688481403021797e+03 4.475785939299463280e+03
1.433717118759384457e-01 4.093612101968493789e+03 4.097267043419507900e+03 4.100923638118022609e+03 4.104581886064031096e+03 4.108241787257544274e+03 4.137580513715607594e+03 4.174402714063125131e+03
1.479197397791088830e-01 3.791239542573960534e+03 3.794583469191846234e+03 3.797928889970564796e+03 3.801275804910114402e+03 3.804624214010501873e+03 3.831465276603561506e+03 3.865151079319849941e+03
1.526120399207660516e-01 3.497945346472857182e+03 3.500998372903468862e+03 3.504052749210486127e+03 3.507108475393907611e+03 3.510165551453733769e+03 3.534670755482913592e+03 3.565423749395813047e+03
1.574531888952583336e-01 3.229631192318383910e+03 3.232419076001423946e+03 3.235208178735869296e+03 3.237998500521720416e+03 3.240790041358976396e+03 3.263166253907664668e+03 3.291246234220088809e+03
1.624479084753553404e-01 2.998201445725823305e+03 3.000753637957057435e+03 3.003306930633862066e+03 3.005861323756234924e+03 3.008416817324174190e+03 3.028900381908129020e+03 3.054603877739170457e+03
1.676010702175887157e-01 2.808095291622506920e+03 2.810441564926107731e+03 2.812788831177248085e+03 2.815137090375930256e+03 2.817486342522150153e+03 2.836316105803335176e+03 2.859942675183371193e+03
1.729177002136817465e-01 2.655555322142819477e+03 2.657722246602083032e+03 2.659890066610348185e+03 2.662058782167614936e+03 2.664228393273883285e+03 2.681617521888092142e+03 2.703434532066002703e+03
1.784029839927048500e-01 2.530311236960465067e+03 2.532319608960004643e+03 2.534328788277421154e+03 2.536338774912718691e+03 2.538349568865892252e+03 2.554464983934899465e+03 2.574681911380200290e+03
1.840622715787370856e-01 2.417640856777314184e+03 2.419504379269255878e+03 2.421368629177574348e+03 2.423233606502272778e+03 2.425099311243349348e+03 2.440051136161572231e+03 2.458806384783392787e+03
1.899010827089648024e-01 2.301962428449161052e+03 2.303688129687182027e+03 2.305414486012365614e+03 2.307141497424713179e+03 2.308869163924223813e+03 2.322714079058202515e+03 2.340079180820401234e+03
1.959251122173100157e-01 2.171335343442681733e+03 2.172925487967886056e+03 2.174516222123047100e+03 2.176107545908164411e+03 2.177699459323235260e+03 2.190455993322209451e+03 2.206454727516926141e+03
2.021402355888380353e-01 2.022553752429655560e+03 2.024009422705458746e+03 2.025465623394465638e+03 2.026922354496677144e+03 2.028379616012093265e+03 2.040056803010784506e+03 2.054701023947555768e+03
2.085525146903597915e-01 1.862680860101415647e+03 1.864005485515222972e+03 1.865330587796904410e+03 1.866656166946461326e+03 1.867982222963891900e+03 1.878607838346819790e+03 1.891932775684183298e+03
2.151682036828220790e-01 1.704124189639683664e+03 1.705325232778558529e+03 1.706526704385348694e+03 1.707728604460054612e+03 1.708930933002676738e+03 1.718564986188615649e+03 1.730646114783455687e+03
2.219937551212487203e-01 1.559876458810552322e+03 1.560965395701625084e+03 1.562054717329989444e+03 1.563144423695642672e+03 1.564234514798587497e+03 1.572969094164587432e+03 1.583921944728211201e+03
2.290358262481853313e-01 1.437495229295258923e+03 1.438485537694425602e+03 1.439476191341830372e+03 1.440467190237470504e+03 1.441458534381348954e+03 1.449401716468901441e+03 1.459361766419666992e+03
2.363012854867819201e-01 1.337940992005174849e+03 1.338845796076815304e+03 1.339750909754048962e+03 1.340656333036876504e+03 1.341562065925297475e+03 1.348819074834033017e+03 1.357918200473375464e+03
2.437972191398504462e-01 1.254988398705475220e+03 1.255818003560614898e+03 1.256647885866343586e+03 1.257478045622659920e+03 1.258308482829563445e+03 1.264961968705967138e+03 1.273303796604396666e+03
2.515309383014299183e-01 1.178141849011064096e+03 1.178902571150709036e+03 1.179663541751825960e+03 1.180424760814414185e+03 1.181186228338473029e+03 1.187286913143909032e+03 1.194935130683108810e+03
2.595099859875971693e-01 1.098456612705426323e+03 1.099151533145170788e+03 1.099846675926289890e+03 1.100542041048782949e+03 1.101237628512650645e+03 1.106810332513059393e+03 1.113796223237244249e+03
2.677421444934832695e-01 1.012376540830920248e+03 1.013007465299627370e+03 1.013638588588293828e+03 1.014269910696918487e+03 1.014901431625501232e+03 1.019960756572665787e+03 1.026302806552872653e+03
2.762354429836673675e-01 9.239410709251822027e+02 9.245108789786403349e+02 9.250808646871663541e+02 9.256510280507593507e+02 9.262213690694198931e+02 9.307904928011281527e+02 9.365178864218261197e+02
2.849981653233537027e-01 8.402679858653441443e+02 8.407815050437263835e+02 8.412951828457604506e+02 8.418090192714448676e+02 8.423230143207797482e+02 8.464406851668901481e+02 8.516020498531050862e+02
2.940388581579667093e-01 7.679204554262378224e+02 7.683842061823374934e+02 7.688480984605198501e+02 7.693121322607843240e+02 7.697763075831309152e+02 7.734948049568636179e+02 7.781556636614286617e+02
3.033663392490479338e-01 7.071009114624029053e+02 7.075211330381854395e+02 7.079414807819969155e+02 7.083619546938383564e+02 7.087825547737083980e+02 7.121518974617240474e+02 7.163749309443744551e+02
3.129897060745848170e-01 6.538862306781556981e+02 6.542676873272160947e+02 6.546492563701957579e+02 6.550309378070945741e+02 6.554127316379123158e+02 6.584711284655433019e+02 6.623042399528019359e+02
3.229183447021551356e-01 6.026776851315710246e+02 6.030232468157271342e+02 6.033689085463768151e+02 6.037146703235197265e+02 6.040605321471557545e+02 6.068310284100040235e+02 6.103031529229617718e+02
3.331619389435480638e-01 5.509575357205010278e+02 5.512691908103471405e+02 5.515809348886712087e+02 5.518927679554731185e+02 5.522046900107534384e+02 5.547032700382045505e+02 5.578345040355409310e+02
3.437304797997856043e-01 5.000283299207185337e+02 5.003082810674757184e+02 5.005883113083007743e+02 5.008684206431935309e+02 5.011486090721543860e+02 5.033929638902804982e+02 5.062055258790397261e+02
3.546342752057602965e-01 4.534428097685969874e+02 4.536940930708416317e+02 4.539454466211776662e+02 4.541968704196046929e+02 4.544483644661231097e+02 4.564628457695549741e+02 4.589872697270570825e+02
3.658839600839884354e-01 4.128808495862225527e+02 4.131067810234164881e+02 4.133327748079389039e+02 4.135588309397896865e+02 4.137849494189690063e+02 4.155961417562246538e+02 4.178657434373506021e+02
3.774905067172904527e-01 3.772541061287654998e+02 3.774575315567699363e+02 3.776610122822857534e+02 3.778645483053133489e+02 3.780681396258519840e+02 3.796988609005688886e+02 3.817422392699849070e+02
3.894652354505135361e-01 3.440430893955143574e+02 3.442260147608984084e+02 3.444089891386287263e+02 3.445920125287053111e+02 3.447750849311276511e+02 3.462414285949689656e+02 3.480787692859217373e+02
4.018198257317295852e-01 3.121490500546349267e+02 3.123130706079491006e+02 3.124771345757283143e+02 3.126412419579724542e+02 3.128053927546815203e+02 3.141201620490948585e+02 3.157675309689609549e+02
4.145663275036849948e-01 2.821914838448182081e+02 2.823382444209951245e+02 2.824850434306801503e+02 2.826318808738733992e+02 2.827787567505750417e+02 2.839551473704810860e+02 2.854290946610999526e+02
4.277171729566092706e-01 2.553319417497120298e+02 2.554632810255665731e+02 2.555946543065739149e+02 2.557260615927340268e+02 2.558575028840469656e+02 2.569102574000503978e+02 2.582292610088059632e+02
4.412851886538418089e-01 2.314761460322284563e+02 2.315937679616730520e+02 2.317114199628658469e+02 2.318291020358069261e+02 2.319468141804964034e+02 2.328895939209502046e+02 2.340707750538641960e+02
4.552836080421111542e-01 2.098182305876356395e+02 2.099235369866002827e+02 2.100288699666969876e+02 2.101342295279262089e+02 2.102396156702880319e+02 2.110836617299462148e+02 2.121411116064321050e+02
4.697260843586617551e-01 1.896415393688914719e+02 1.897356640314120000e+02 1.898298121796801468e+02 1.899239838136958838e+02 1.900181789334592111e+02 1.907725853784784249e+02 1.917177071520340803e+02
4.846267039478229788e-01 1.711231562230492500e+02 1.712072013389970664e+02 1.712912671979722745e+02 1.713753537999749028e+02 1.714594611450048944e+02 1.721330666542301344e+02 1.729769404132254635e+02
5.000000000000000000e-01 1.544631886237579579e+02 1.545382331812291170e+02 1.546132960533871312e+02 1.546883772402318016e+02 1.547634767417634691e+02 1.553649320827418876e+02 1.561183995807789699e+02
