     0.100000000000000E-01     0.331049774865778E+02     0.237700000000000E+00
     0.100000000000000E-01     0.329446421869841E+02     0.238500000000000E+00
     0.101000000000000E-01     0.333751454681599E+02     0.235700000000000E+00
     0.103000000000000E-01     0.332305138806930E+02     0.234100000000000E+00
     0.104000000000000E-01     0.335735776117554E+02     0.231400000000000E+00
     0.105000000000000E-01     0.339802971754961E+02     0.234200000000000E+00
     0.105000000000000E-01     0.334995578180805E+02     0.233300000000000E+00
     0.106000000000000E-01     0.330258551257802E+02     0.236200000000000E+00
     0.108000000000000E-01     0.330564952786162E+02     0.224700000000000E+00
     0.109000000000000E-01     0.328840105192508E+02     0.234000000000000E+00
     0.111000000000000E-01     0.332735562417223E+02     0.220100000000000E+00
     0.114000000000000E-01     0.334402079046817E+02     0.223200000000000E+00
     0.123000000000000E-01     0.333899228628890E+02     0.207500000000000E+00
     0.125000000000000E-01     0.339100172834130E+02     0.213700000000000E+00
     0.126000000000000E-01     0.336898224621173E+02     0.214500000000000E+00
     0.129000000000000E-01     0.336918542922216E+02     0.204800000000000E+00
     0.133000000000000E-01     0.337603272894283E+02     0.207700000000000E+00
     0.133000000000000E-01     0.336996662444424E+02     0.203600000000000E+00
     0.135000000000000E-01     0.336649790457678E+02     0.200100000000000E+00
     0.137000000000000E-01     0.337099388597418E+02     0.204000000000000E+00
     0.138000000000000E-01     0.337072861436057E+02     0.200100000000000E+00
     0.139000000000000E-01     0.337172413043877E+02     0.194700000000000E+00
     0.143000000000000E-01     0.340441316109967E+02     0.197700000000000E+00
     0.144000000000000E-01     0.337634269711260E+02     0.195300000000000E+00
     0.145000000000000E-01     0.340307094300113E+02     0.197700000000000E+00
     0.145000000000000E-01     0.339697674218805E+02     0.232200000000000E+00
     0.146000000000000E-01     0.342210784045323E+02     0.196200000000000E+00
     0.150000000000000E-01     0.341498447735956E+02     0.190300000000000E+00
     0.152000000000000E-01     0.343128001809970E+02     0.189400000000000E+00
     0.153000000000000E-01     0.343681435860219E+02     0.184900000000000E+00
     0.154000000000000E-01     0.342325489038758E+02     0.209400000000000E+00
     0.155000000000000E-01     0.343423712851306E+02     0.188700000000000E+00
     0.155000000000000E-01     0.339954974250579E+02     0.190000000000000E+00
     0.155000000000000E-01     0.342070664629421E+02     0.186400000000000E+00
     0.155000000000000E-01     0.343927309836487E+02     0.193600000000000E+00
     0.156000000000000E-01     0.340748073897711E+02     0.185700000000000E+00
     0.160000000000000E-01     0.342262775236425E+02     0.353400000000000E+00
     0.160000000000000E-01     0.342271616501940E+02     0.191100000000000E+00
     0.163000000000000E-01     0.344581028367340E+02     0.190700000000000E+00
     0.164000000000000E-01     0.343909094589872E+02     0.213500000000000E+00
     0.165000000000000E-01     0.341369247947500E+02     0.184200000000000E+00
     0.166000000000000E-01     0.345515731092025E+02     0.183700000000000E+00
     0.169000000000000E-01     0.347787408304325E+02     0.197000000000000E+00
     0.169000000000000E-01     0.337817373264830E+02     0.214200000000000E+00
     0.171000000000000E-01     0.343580671107547E+02     0.190800000000000E+00
     0.172000000000000E-01     0.344454686835392E+02     0.428200000000000E+00
     0.172000000000000E-01     0.345735180794301E+02     0.180800000000000E+00
     0.174000000000000E-01     0.340067137219514E+02     0.187100000000000E+00
     0.174000000000000E-01     0.343385227840689E+02     0.176300000000000E+00
     0.174000000000000E-01     0.345797614808513E+02     0.179200000000000E+00
     0.175000000000000E-01     0.343461287370573E+02     0.185900000000000E+00
     0.175000000000000E-01     0.344087934697066E+02     0.255500000000000E+00
     0.177000000000000E-01     0.344003488857449E+02     0.186200000000000E+00
     0.177000000000000E-01     0.344160379982471E+02     0.194300000000000E+00
     0.179000000000000E-01     0.344447763242310E+02     0.173600000000000E+00
     0.186000000000000E-01     0.344216242561186E+02     0.181200000000000E+00
     0.189000000000000E-01     0.342257606437623E+02     0.179900000000000E+00
     0.191000000000000E-01     0.345682173776689E+02     0.189600000000000E+00
     0.194000000000000E-01     0.347361915618887E+02     0.187600000000000E+00
     0.195000000000000E-01     0.348081997841997E+02     0.190500000000000E+00
     0.195000000000000E-01     0.346908597693008E+02     0.178100000000000E+00
     0.196000000000000E-01     0.345107938692921E+02     0.180800000000000E+00
     0.200000000000000E-01     0.343515070822791E+02     0.188800000000000E+00
     0.203000000000000E-01     0.347166632172932E+02     0.195500000000000E+00
     0.204000000000000E-01     0.348406112883121E+02     0.167100000000000E+00
     0.204000000000000E-01     0.348632728012745E+02     0.171100000000000E+00
     0.206000000000000E-01     0.348941067444160E+02     0.178900000000000E+00
     0.208000000000000E-01     0.344963444441952E+02     0.171600000000000E+00
     0.210000000000000E-01     0.346308707312604E+02     0.174400000000000E+00
     0.216000000000000E-01     0.347216897323340E+02     0.175200000000000E+00
     0.217000000000000E-01     0.347996243695701E+02     0.173200000000000E+00
     0.218000000000000E-01     0.349465224341348E+02     0.175000000000000E+00
     0.221000000000000E-01     0.353744599577563E+02     0.168500000000000E+00
     0.221000000000000E-01     0.349858271920928E+02     0.168200000000000E+00
     0.222000000000000E-01     0.345711104145179E+02     0.177700000000000E+00
     0.224000000000000E-01     0.348765725174379E+02     0.175100000000000E+00
     0.224000000000000E-01     0.349607824769920E+02     0.171100000000000E+00
     0.225000000000000E-01     0.348997638631772E+02     0.162900000000000E+00
     0.228000000000000E-01     0.351047730120763E+02     0.171800000000000E+00
     0.229000000000000E-01     0.347369443001130E+02     0.164800000000000E+00
     0.230000000000000E-01     0.353042277042944E+02     0.178700000000000E+00
     0.233000000000000E-01     0.351934960733081E+02     0.160900000000000E+00
     0.233000000000000E-01     0.353036211682194E+02     0.170200000000000E+00
     0.234000000000000E-01     0.350252194843086E+02     0.168200000000000E+00
     0.235000000000000E-01     0.349976904683733E+02     0.186800000000000E+00
     0.235000000000000E-01     0.351270410554800E+02     0.180400000000000E+00
     0.236000000000000E-01     0.348991093180034E+02     0.170700000000000E+00
     0.239000000000000E-01     0.349856006484007E+02     0.165400000000000E+00
     0.242000000000000E-01     0.353773857482481E+02     0.172100000000000E+00
     0.243000000000000E-01     0.351593402129486E+02     0.191600000000000E+00
     0.245000000000000E-01     0.353219816886943E+02     0.168700000000000E+00
     0.245000000000000E-01     0.353140437066050E+02     0.163000000000000E+00
     0.245000000000000E-01     0.349238600437809E+02     0.168200000000000E+00
     0.246000000000000E-01     0.354062832904225E+02     0.160400000000000E+00
     0.247000000000000E-01     0.351301459379609E+02     0.177500000000000E+00
     0.251000000000000E-01     0.347254795095431E+02     0.166900000000000E+00
     0.255000000000000E-01     0.353770577031505E+02     0.180700000000000E+00
     0.262000000000000E-01     0.352354650580040E+02     0.167000000000000E+00
     0.264000000000000E-01     0.353728541316667E+02     0.173300000000000E+00
     0.265000000000000E-01     0.349468252791849E+02     0.197100000000000E+00
     0.266000000000000E-01     0.354567930377609E+02     0.175600000000000E+00
     0.267000000000000E-01     0.353224420725043E+02     0.161700000000000E+00
     0.267000000000000E-01     0.353305035981535E+02     0.177000000000000E+00
     0.269000000000000E-01     0.353895204890886E+02     0.158000000000000E+00
     0.271000000000000E-01     0.351956860042197E+02     0.161000000000000E+00
     0.274000000000000E-01     0.350750449492830E+02     0.156500000000000E+00
     0.274000000000000E-01     0.354755412265443E+02     0.161500000000000E+00
     0.277000000000000E-01     0.355371052868178E+02     0.167300000000000E+00
     0.277000000000000E-01     0.357762513584569E+02     0.162600000000000E+00
     0.277000000000000E-01     0.352558308975396E+02     0.158700000000000E+00
     0.277000000000000E-01     0.353361820766509E+02     0.179300000000000E+00
     0.279000000000000E-01     0.354757656870260E+02     0.163200000000000E+00
     0.282000000000000E-01     0.355833663629818E+02     0.233700000000000E+00
     0.286000000000000E-01     0.354334629672258E+02     0.161300000000000E+00
     0.291000000000000E-01     0.357255407148131E+02     0.155100000000000E+00
     0.295000000000000E-01     0.356075826444949E+02     0.159000000000000E+00
     0.298000000000000E-01     0.356594525323287E+02     0.153800000000000E+00
     0.301000000000000E-01     0.353801280193248E+02     0.174900000000000E+00
     0.303000000000000E-01     0.354718894180542E+02     0.180500000000000E+00
     0.304000000000000E-01     0.356350168059530E+02     0.167900000000000E+00
     0.305000000000000E-01     0.355581603165951E+02     0.166900000000000E+00
     0.309000000000000E-01     0.358444102579486E+02     0.171500000000000E+00
     0.312000000000000E-01     0.357310807281126E+02     0.161600000000000E+00
     0.315000000000000E-01     0.356789709868937E+02     0.158100000000000E+00
     0.316000000000000E-01     0.357798933636036E+02     0.154500000000000E+00
     0.317000000000000E-01     0.356385283983795E+02     0.121200000000000E+00
     0.318000000000000E-01     0.357387717403828E+02     0.159100000000000E+00
     0.320000000000000E-01     0.358658165719284E+02     0.164000000000000E+00
     0.322000000000000E-01     0.357391899023391E+02     0.183000000000000E+00
     0.324000000000000E-01     0.356675118937023E+02     0.164100000000000E+00
     0.325000000000000E-01     0.359937286317841E+02     0.161300000000000E+00
     0.328000000000000E-01     0.358855435360431E+02     0.171000000000000E+00
     0.331000000000000E-01     0.360481684807017E+02     0.152700000000000E+00
     0.332000000000000E-01     0.356996842186759E+02     0.162800000000000E+00
     0.333000000000000E-01     0.360534807235976E+02     0.155500000000000E+00
     0.336000000000000E-01     0.358135211278157E+02     0.156000000000000E+00
     0.339000000000000E-01     0.356230997783131E+02     0.193000000000000E+00
     0.341000000000000E-01     0.359566907669325E+02     0.151800000000000E+00
     0.344000000000000E-01     0.359418706792878E+02     0.151400000000000E+00
     0.346000000000000E-01     0.363255172405190E+02     0.189200000000000E+00
     0.348000000000000E-01     0.361079552163639E+02     0.158000000000000E+00
     0.349000000000000E-01     0.358612655771166E+02     0.158400000000000E+00
     0.350000000000000E-01     0.356855561014129E+02     0.298500000000000E+00
     0.350000000000000E-01     0.358814453434187E+02     0.174800000000000E+00
     0.354000000000000E-01     0.359723610967823E+02     0.210300000000000E+00
     0.356000000000000E-01     0.358164696099430E+02     0.208300000000000E+00
     0.357000000000000E-01     0.354026035541797E+02     0.376400000000000E+00
     0.365000000000000E-01     0.360552096099133E+02     0.171500000000000E+00
     0.366000000000000E-01     0.362961496692809E+02     0.177300000000000E+00
     0.367000000000000E-01     0.359753100755903E+02     0.149400000000000E+00
     0.369000000000000E-01     0.362789390583051E+02     0.155300000000000E+00
     0.370000000000000E-01     0.360380064462551E+02     0.167300000000000E+00
     0.371000000000000E-01     0.361304435359202E+02     0.157100000000000E+00
     0.377000000000000E-01     0.360929749743663E+02     0.276500000000000E+00
     0.381000000000000E-01     0.360364293635869E+02     0.154800000000000E+00
     0.389000000000000E-01     0.361633299509799E+02     0.163700000000000E+00
     0.391000000000000E-01     0.360700607759849E+02     0.158300000000000E+00
     0.392000000000000E-01     0.362409006155104E+02     0.153800000000000E+00
     0.403000000000000E-01     0.364101755854590E+02     0.160500000000000E+00
     0.403000000000000E-01     0.364344160880885E+02     0.158700000000000E+00
     0.405000000000000E-01     0.361941788178724E+02     0.152400000000000E+00
     0.406000000000000E-01     0.363853286591205E+02     0.160400000000000E+00
     0.407000000000000E-01     0.363267518174609E+02     0.160900000000000E+00
     0.419000000000000E-01     0.363034123307430E+02     0.189500000000000E+00
     0.423000000000000E-01     0.365048841499069E+02     0.182900000000000E+00
     0.424000000000000E-01     0.362774690832620E+02     0.190700000000000E+00
     0.425000000000000E-01     0.365012521747778E+02     0.229200000000000E+00
     0.440000000000000E-01     0.365217820664202E+02     0.150600000000000E+00
     0.442000000000000E-01     0.362500611689627E+02     0.162900000000000E+00
     0.450000000000000E-01     0.362708225368555E+02     0.146300000000000E+00
     0.467000000000000E-01     0.367494910944535E+02     0.148700000000000E+00
     0.472000000000000E-01     0.372210766824163E+02     0.190700000000000E+00
     0.481000000000000E-01     0.363672751592644E+02     0.158500000000000E+00
     0.486000000000000E-01     0.365818807141462E+02     0.178100000000000E+00
     0.488000000000000E-01     0.369156242123770E+02     0.169600000000000E+00
     0.490000000000000E-01     0.368118936577150E+02     0.152200000000000E+00
     0.493000000000000E-01     0.370800093158876E+02     0.192500000000000E+00
     0.495000000000000E-01     0.364972180161929E+02     0.191100000000000E+00
     0.495000000000000E-01     0.364831660410516E+02     0.352300000000000E+00
     0.518000000000000E-01     0.370777499956329E+02     0.181400000000000E+00
     0.524000000000000E-01     0.371664933742892E+02     0.150800000000000E+00
     0.529000000000000E-01     0.373403831681955E+02     0.324700000000000E+00
     0.537000000000000E-01     0.367853664210711E+02     0.170200000000000E+00
     0.538000000000000E-01     0.367084580017384E+02     0.188800000000000E+00
     0.568000000000000E-01     0.371438985333004E+02     0.153200000000000E+00
     0.570000000000000E-01     0.367672871979500E+02     0.150100000000000E+00
     0.585000000000000E-01     0.373380995574785E+02     0.157400000000000E+00
     0.586000000000000E-01     0.371750097662187E+02     0.190200000000000E+00
     0.594000000000000E-01     0.369331215586146E+02     0.154600000000000E+00
     0.614000000000000E-01     0.372655441390417E+02     0.171800000000000E+00
     0.634000000000000E-01     0.376937659385194E+02     0.192500000000000E+00
     0.642000000000000E-01     0.373287720917715E+02     0.107700000000000E+00
     0.651000000000000E-01     0.373835007592072E+02     0.165800000000000E+00
     0.656000000000000E-01     0.373647232724334E+02     0.108800000000000E+00
     0.679000000000000E-01     0.373161660849555E+02     0.199100000000000E+00
     0.684000000000000E-01     0.373029007964278E+02     0.182600000000000E+00
     0.703000000000000E-01     0.375234511730251E+02     0.170800000000000E+00
     0.708000000000000E-01     0.375612205066662E+02     0.210400000000000E+00
     0.746000000000000E-01     0.380587084800474E+02     0.204700000000000E+00
     0.753000000000000E-01     0.377883348841462E+02     0.146600000000000E+00
     0.789000000000000E-01     0.381409113424258E+02     0.195400000000000E+00
     0.789000000000000E-01     0.379033060928187E+02     0.152200000000000E+00
     0.801000000000000E-01     0.377319068589496E+02     0.147500000000000E+00
     0.822000000000000E-01     0.377309251847113E+02     0.125800000000000E+00
     0.996000000000000E-01     0.384262975309956E+02     0.103800000000000E+00
     0.100400000000000E+00     0.384214710031001E+02     0.100900000000000E+00
     0.100900000000000E+00     0.382127283449003E+02     0.219100000000000E+00
     0.101700000000000E+00     0.383867589486273E+02     0.991000000000000E-01
     0.102200000000000E+00     0.382708662749555E+02     0.878000000000000E-01
     0.102900000000000E+00     0.383573932437549E+02     0.174800000000000E+00
     0.106800000000000E+00     0.387592458780788E+02     0.195300000000000E+00
     0.118800000000000E+00     0.388489972316585E+02     0.104400000000000E+00
     0.124200000000000E+00     0.389025220425982E+02     0.220800000000000E+00
     0.126700000000000E+00     0.389723302672872E+02     0.127200000000000E+00
     0.132600000000000E+00     0.390514804495039E+02     0.909000000000000E-01
     0.136100000000000E+00     0.392009904545791E+02     0.178900000000000E+00
     0.139600000000000E+00     0.390231919503685E+02     0.102500000000000E+00
     0.140600000000000E+00     0.391355857660230E+02     0.117500000000000E+00
     0.143800000000000E+00     0.393230246300914E+02     0.931000000000000E-01
     0.147600000000000E+00     0.391513283532269E+02     0.105900000000000E+00
     0.149200000000000E+00     0.392954470536044E+02     0.107800000000000E+00
     0.151200000000000E+00     0.394014866073606E+02     0.225900000000000E+00
     0.152600000000000E+00     0.392290074503024E+02     0.104500000000000E+00
     0.161200000000000E+00     0.395905215604251E+02     0.131600000000000E+00
     0.172600000000000E+00     0.396881834139162E+02     0.124600000000000E+00
     0.174500000000000E+00     0.397118420994854E+02     0.944000000000000E-01
     0.195600000000000E+00     0.400540750413785E+02     0.909000000000000E-01
     0.199600000000000E+00     0.400148479133896E+02     0.249400000000000E+00
     0.209200000000000E+00     0.401966117751799E+02     0.197200000000000E+00
     0.210500000000000E+00     0.401957756681080E+02     0.104800000000000E+00
     0.216600000000000E+00     0.402390145851595E+02     0.117300000000000E+00
     0.219600000000000E+00     0.404143019728991E+02     0.241300000000000E+00
     0.221200000000000E+00     0.402562069383926E+02     0.127900000000000E+00
     0.221200000000000E+00     0.403646324368757E+02     0.953000000000000E-01
     0.228800000000000E+00     0.402641613172262E+02     0.115200000000000E+00
     0.229600000000000E+00     0.406207736570766E+02     0.204200000000000E+00
     0.230400000000000E+00     0.404925873448910E+02     0.144000000000000E+00
     0.230500000000000E+00     0.400490035466718E+02     0.146800000000000E+00
     0.231100000000000E+00     0.404699782298496E+02     0.143700000000000E+00
     0.244500000000000E+00     0.407785192993314E+02     0.105200000000000E+00
     0.245900000000000E+00     0.405125696430245E+02     0.117200000000000E+00
     0.249200000000000E+00     0.406905063321260E+02     0.130300000000000E+00
     0.249200000000000E+00     0.408158612401236E+02     0.132300000000000E+00
     0.249600000000000E+00     0.407573456128332E+02     0.240800000000000E+00
     0.250500000000000E+00     0.405378993180191E+02     0.110200000000000E+00
     0.260400000000000E+00     0.408017778612226E+02     0.148900000000000E+00
     0.264200000000000E+00     0.410166651693002E+02     0.136000000000000E+00
     0.269600000000000E+00     0.407203054006814E+02     0.139300000000000E+00
     0.270700000000000E+00     0.407407009352859E+02     0.941000000000000E-01
     0.270700000000000E+00     0.412489594426289E+02     0.113400000000000E+00
     0.275600000000000E+00     0.407305849650805E+02     0.142600000000000E+00
     0.282800000000000E+00     0.407865292724434E+02     0.335700000000000E+00
     0.288800000000000E+00     0.410856137030174E+02     0.162500000000000E+00
     0.293700000000000E+00     0.408467096244116E+02     0.140100000000000E+00
     0.300100000000000E+00     0.410912292176982E+02     0.104800000000000E+00
     0.300100000000000E+00     0.411325769446601E+02     0.402700000000000E+00
     0.300100000000000E+00     0.407102525197064E+02     0.133600000000000E+00
     0.308800000000000E+00     0.408890767542816E+02     0.137300000000000E+00
     0.310500000000000E+00     0.410689092530180E+02     0.115500000000000E+00
     0.310900000000000E+00     0.410871678669274E+02     0.112100000000000E+00
     0.318200000000000E+00     0.416049926628997E+02     0.162800000000000E+00
     0.319200000000000E+00     0.412658677540905E+02     0.124700000000000E+00
     0.320600000000000E+00     0.412819988382613E+02     0.178400000000000E+00
     0.320700000000000E+00     0.412401595178063E+02     0.314900000000000E+00
     0.321200000000000E+00     0.414405787837442E+02     0.172100000000000E+00
     0.323000000000000E+00     0.411705953724723E+02     0.148700000000000E+00
     0.328100000000000E+00     0.412610322630330E+02     0.322500000000000E+00
     0.328800000000000E+00     0.412029606094885E+02     0.106200000000000E+00
     0.330200000000000E+00     0.412590814262182E+02     0.110300000000000E+00
     0.330700000000000E+00     0.411728411265277E+02     0.155800000000000E+00
     0.331100000000000E+00     0.414034513318861E+02     0.207800000000000E+00
     0.336100000000000E+00     0.411999537576502E+02     0.142900000000000E+00
     0.341200000000000E+00     0.413650116493482E+02     0.937000000000000E-01
     0.347000000000000E+00     0.412630301945441E+02     0.154900000000000E+00
     0.350100000000000E+00     0.417195712748371E+02     0.111800000000000E+00
     0.350100000000000E+00     0.413577141643873E+02     0.123200000000000E+00
     0.351200000000000E+00     0.415691227124099E+02     0.108400000000000E+00
     0.358800000000000E+00     0.414493929414641E+02     0.581200000000000E+00
     0.360000000000000E+00     0.415986467966864E+02     0.123100000000000E+00
     0.360000000000000E+00     0.415093648612479E+02     0.146500000000000E+00
     0.360100000000000E+00     0.415759217366492E+02     0.152200000000000E+00
     0.368800000000000E+00     0.417312381063822E+02     0.112500000000000E+00
     0.370500000000000E+00     0.417595006238650E+02     0.325700000000000E+00
     0.371200000000000E+00     0.416257378170614E+02     0.101200000000000E+00
     0.380600000000000E+00     0.418317301632224E+02     0.156900000000000E+00
     0.381500000000000E+00     0.417785338552815E+02     0.155800000000000E+00
     0.387400000000000E+00     0.415855727196651E+02     0.179300000000000E+00
     0.400600000000000E+00     0.421746506846892E+02     0.241800000000000E+00
     0.401200000000000E+00     0.416021958616013E+02     0.213900000000000E+00
     0.409400000000000E+00     0.418807387821166E+02     0.338300000000000E+00
     0.420600000000000E+00     0.416254245478796E+02     0.191600000000000E+00
     0.423100000000000E+00     0.419802714890340E+02     0.384100000000000E+00
     0.430100000000000E+00     0.419467126991222E+02     0.174100000000000E+00
     0.430200000000000E+00     0.421380720725574E+02     0.166400000000000E+00
     0.430600000000000E+00     0.420293445967601E+02     0.151700000000000E+00
     0.436500000000000E+00     0.421613110685711E+02     0.164300000000000E+00
     0.443400000000000E+00     0.418967225096576E+02     0.183900000000000E+00
     0.443400000000000E+00     0.421178918322147E+02     0.166100000000000E+00
     0.447400000000000E+00     0.423294728016611E+02     0.178600000000000E+00
     0.450400000000000E+00     0.421748522893137E+02     0.210000000000000E+00
     0.451200000000000E+00     0.420946198982929E+02     0.130400000000000E+00
     0.461200000000000E+00     0.421194882478127E+02     0.132200000000000E+00
     0.481200000000000E+00     0.420923256224492E+02     0.182900000000000E+00
     0.508800000000000E+00     0.422549195326444E+02     0.203700000000000E+00
     0.510000000000000E+00     0.427071325358322E+02     0.142600000000000E+00
     0.510500000000000E+00     0.425196855304799E+02     0.300400000000000E+00
     0.530400000000000E+00     0.423423520952063E+02     0.239500000000000E+00
     0.530400000000000E+00     0.425659994387217E+02     0.144800000000000E+00
     0.530700000000000E+00     0.426312170788661E+02     0.318800000000000E+00
     0.540600000000000E+00     0.428330086529026E+02     0.290800000000000E+00
     0.550100000000000E+00     0.428005240792416E+02     0.216700000000000E+00
     0.619200000000000E+00     0.428540169457617E+02     0.200400000000000E+00
     0.633800000000000E+00     0.427972008800303E+02     0.263600000000000E+00
