     0.150000000000000E-01     0.336886013620159E+02     0.213388869977000E+00
     0.150000000000000E-01     0.340415061537836E+02     0.161452856549000E+00
     0.150000000000000E-01     0.338496305849020E+02     0.217348534701000E+00
     0.150270427632000E-01     0.344064998570384E+02     0.178117024083000E+00
     0.151000000000000E-01     0.345273814481396E+02     0.213682160531000E+00
     0.151660000000000E-01     0.342993721371262E+02     0.215239340732000E+00
     0.152000000000000E-01     0.341894816159631E+02     0.215071231170000E+00
     0.152000000000000E-01     0.340170025267484E+02     0.241474862259000E+00
     0.153000000000000E-01     0.336260688229206E+02     0.213242896074000E+00
     0.154363000000000E-01     0.340566668765381E+02     0.148694109648000E+00
     0.160000000000000E-01     0.344209121828160E+02     0.207959703185000E+00
     0.160000000000000E-01     0.340581740362988E+02     0.221115374688000E+00
     0.163000000000000E-01     0.342858353201563E+02     0.212891042717000E+00
     0.163210000000000E-01     0.343104271273105E+02     0.204965074268000E+00
     0.163456410000000E-01     0.343725344677897E+02     0.142912931364000E+00
     0.164500000000000E-01     0.342910828071436E+02     0.250896560248000E+00
     0.165590000000000E-01     0.345129528485662E+02     0.251177496491000E+00
     0.167300000000000E-01     0.345629949434084E+02     0.209464670311000E+00
     0.167430000000000E-01     0.344433819641245E+02     0.248385125526000E+00
     0.169910000000000E-01     0.341551349252524E+02     0.309889810973000E+00
     0.171730000000000E-01     0.343927897868334E+02     0.248216009365000E+00
     0.172270000000000E-01     0.342610441465738E+02     0.199337179559000E+00
     0.173000000000000E-01     0.342924572112408E+02     0.220994474003000E+00
     0.173000000000000E-01     0.344520170019787E+02     0.215508499624000E+00
     0.176050000000000E-01     0.343690426263284E+02     0.271650644819000E+00
     0.179312833626000E-01     0.345946095194319E+02     0.155413940574000E+00
     0.183152320362000E-01     0.345252702211513E+02     0.160464926406000E+00
     0.187000000000000E-01     0.348326830296469E+02     0.197196789214000E+00
     0.189000000000000E-01     0.344125421100707E+02     0.209571630196000E+00
     0.192000000000000E-01     0.346202231905382E+02     0.197091647943000E+00
     0.192000000000000E-01     0.349087291254340E+02     0.197842881265000E+00
     0.192640000000000E-01     0.344944814119543E+02     0.240633816950000E+00
     0.195000000000000E-01     0.348453180271892E+02     0.197526188093000E+00
     0.195990000000000E-01     0.347289553267028E+02     0.184691219687000E+00
     0.203747245299000E-01     0.349211623837766E+02     0.145603349944000E+00
     0.205000000000000E-01     0.347091699349144E+02     0.191412743444000E+00
     0.208000000000000E-01     0.344362641045511E+02     0.201629405401000E+00
     0.209000000000000E-01     0.351370878751538E+02     0.194226935150000E+00
     0.211000000000000E-01     0.348892611375665E+02     0.188393367669000E+00
     0.212000000000000E-01     0.351328227149789E+02     0.191529722110000E+00
     0.215000000000000E-01     0.348610583277609E+02     0.187040817965000E+00
     0.217930000000000E-01     0.345215332977500E+02     0.232449382954000E+00
     0.219000000000000E-01     0.349967388580804E+02     0.188387184264000E+00
     0.219800059146000E-01     0.351088498592792E+02     0.187544764358000E+00
     0.221000000000000E-01     0.351740004628951E+02     0.189960682839000E+00
     0.221000000000000E-01     0.353444056345120E+02     0.189014756295000E+00
     0.224000000000000E-01     0.348621544541405E+02     0.239011369258000E+00
     0.229000000000000E-01     0.351031923740376E+02     0.183018039949000E+00
     0.229000000000000E-01     0.350595652348379E+02     0.185459075264000E+00
     0.229711675782000E-01     0.351832654115155E+02     0.135640926041000E+00
     0.230000000000000E-01     0.346821218097734E+02     0.186848384979000E+00
     0.232080000000000E-01     0.348265187350460E+02     0.231479604833000E+00
     0.233000000000000E-01     0.350837558500083E+02     0.183424685088000E+00
     0.233000000000000E-01     0.346708272613018E+02     0.185738575456000E+00
     0.235360000000000E-01     0.353759155869239E+02     0.234698201629000E+00
     0.239000000000000E-01     0.348284759780784E+02     0.181392417208000E+00
     0.239530000000000E-01     0.347892123436201E+02     0.107041197195000E+00
     0.240000000000000E-01     0.352295178782438E+02     0.195512674436000E+00
     0.241852990802000E-01     0.348161452721542E+02     0.133368622118000E+00
     0.242000000000000E-01     0.349875307804101E+02     0.180174916343000E+00
     0.243140000000000E-01     0.351984517509505E+02     0.181662706307000E+00
     0.245250000000000E-01     0.351452756675086E+02     0.102438504345000E+00
     0.247000000000000E-01     0.351899682644860E+02     0.181621011598000E+00
     0.248000000000000E-01     0.352743480786027E+02     0.184605302796000E+00
     0.249000000000000E-01     0.347606809842504E+02     0.193523924165000E+00
     0.251000000000000E-01     0.352397694992130E+02     0.179222700336000E+00
     0.255000000000000E-01     0.351103592158990E+02     0.196167302112000E+00
     0.256000000000000E-01     0.351454952982393E+02     0.186173891969000E+00
     0.259000000000000E-01     0.352224652844024E+02     0.178489658823000E+00
     0.260000000000000E-01     0.350411856709915E+02     0.183933665117000E+00
     0.260380000000000E-01     0.351552106540302E+02     0.108499792159000E+00
     0.261000000000000E-01     0.355310779115986E+02     0.192469561714000E+00
     0.264890000000000E-01     0.355589768469185E+02     0.191312269740000E+00
     0.266000000000000E-01     0.352813853332314E+02     0.177716836428000E+00
     0.268091974805000E-01     0.350726961320161E+02     0.127879595703000E+00
     0.273420000000000E-01     0.355328967757501E+02     0.175510835947000E+00
     0.275000000000000E-01     0.353450228072259E+02     0.176364688958000E+00
     0.275687259109000E-01     0.354105471381843E+02     0.128117983088000E+00
     0.277000000000000E-01     0.356586726381659E+02     0.183298735051000E+00
     0.278650000000000E-01     0.352036663199941E+02     0.222426416634000E+00
     0.283000000000000E-01     0.355972455490670E+02     0.180124445838000E+00
     0.283960268116000E-01     0.357246873226821E+02     0.125198881719000E+00
     0.284880000000000E-01     0.354486239652615E+02     0.223905932998000E+00
     0.292000000000000E-01     0.356398999501190E+02     0.174820107635000E+00
     0.298021369010000E-01     0.357490799985061E+02     0.122226817874000E+00
     0.299550000000000E-01     0.353203438591050E+02     0.224368551768000E+00
     0.303000000000000E-01     0.355929294089821E+02     0.176747386260000E+00
     0.305290000000000E-01     0.355288163801477E+02     0.887506637090000E-01
     0.306040000000000E-01     0.358683655143478E+02     0.173295444142000E+00
     0.308000000000000E-01     0.359086456046967E+02     0.172493084423000E+00
     0.308000000000000E-01     0.354402190344262E+02     0.178370444318000E+00
     0.308000000000000E-01     0.356965204551444E+02     0.173310004596000E+00
     0.309000000000000E-01     0.357680160191686E+02     0.183689296262000E+00
     0.312000000000000E-01     0.354760848679645E+02     0.180216697419000E+00
     0.312000000000000E-01     0.355064607772960E+02     0.173762463024000E+00
     0.315000000000000E-01     0.356861971374548E+02     0.170993523745000E+00
     0.315280000000000E-01     0.358785777680079E+02     0.225362488845000E+00
     0.320000000000000E-01     0.356274387579388E+02     0.173446310936000E+00
     0.320000000000000E-01     0.356926757737389E+02     0.193104691662000E+00
     0.321000000000000E-01     0.359889081299170E+02     0.175025422739000E+00
     0.321000000000000E-01     0.357744919227701E+02     0.173741007700000E+00
     0.321000000000000E-01     0.355865143345982E+02     0.173845159832000E+00
     0.321340168614000E-01     0.356697448613124E+02     0.127512090116000E+00
     0.325000000000000E-01     0.356869697267651E+02     0.170394735896000E+00
     0.327000000000000E-01     0.358073190866806E+02     0.169492305040000E+00
     0.329000000000000E-01     0.355919919972564E+02     0.170393175896000E+00
     0.329123710881000E-01     0.359222159129652E+02     0.118114324121000E+00
     0.334000000000000E-01     0.360030345572938E+02     0.175772733400000E+00
     0.335000000000000E-01     0.360745534055616E+02     0.170490251613000E+00
     0.336000000000000E-01     0.360776067430890E+02     0.188520473630000E+00
     0.337000000000000E-01     0.359831580780055E+02     0.179737453597000E+00
     0.341000000000000E-01     0.357798343462331E+02     0.177569140796000E+00
     0.341000000000000E-01     0.361373794216567E+02     0.175222461707000E+00
     0.341000000000000E-01     0.359288152997919E+02     0.172834591542000E+00
     0.345000000000000E-01     0.356495981835999E+02     0.211562474249000E+00
     0.357200000000000E-01     0.360260266432684E+02     0.171186987363000E+00
     0.360000000000000E-01     0.360221540524526E+02     0.179022122406000E+00
     0.360000000000000E-01     0.359509464687528E+02     0.167885249541000E+00
     0.360000000000000E-01     0.362417728485698E+02     0.177000363965000E+00
     0.362000000000000E-01     0.360093229027026E+02     0.171742204068000E+00
     0.364570000000000E-01     0.359756617665232E+02     0.217628588382000E+00
     0.364800000000000E-01     0.360355935746180E+02     0.170174952845000E+00
     0.366000000000000E-01     0.362317582910707E+02     0.168963687947000E+00
     0.377000000000000E-01     0.358593753750040E+02     0.294106560612000E+00
     0.393000000000000E-01     0.360855517095854E+02     0.991005283825000E-01
     0.402000000000000E-01     0.361014978775560E+02     0.170637349580000E+00
     0.406000000000000E-01     0.363540045845108E+02     0.172317344841000E+00
     0.421000000000000E-01     0.362913402849681E+02     0.169930417471000E+00
     0.422330000000000E-01     0.363117567259624E+02     0.167174042338000E+00
     0.423000000000000E-01     0.361415777287337E+02     0.171582196702000E+00
     0.425000000000000E-01     0.366065280460722E+02     0.195296013078000E+00
     0.437189114895000E-01     0.362706507593886E+02     0.127214292529000E+00
     0.449766726113000E-01     0.364982846588938E+02     0.108342547225000E+00
     0.452950000000000E-01     0.365451937826759E+02     0.164981248644000E+00
     0.469673346156000E-01     0.367435184847590E+02     0.110309142172000E+00
     0.483921953954000E-01     0.366129853827968E+02     0.119215628214000E+00
     0.488180000000000E-01     0.366193848354954E+02     0.160299265066000E+00
     0.489480000000000E-01     0.366595574217203E+02     0.172547618731000E+00
     0.491000000000000E-01     0.366983713558454E+02     0.175843223164000E+00
     0.499220000000000E-01     0.365814556824689E+02     0.162303819627000E+00
     0.500430000000000E-01     0.367772492152479E+02     0.166828851413000E+00
     0.522000000000000E-01     0.366278649220815E+02     0.189117803003000E+00
     0.529260000000000E-01     0.369339767022789E+02     0.155755914800000E+00
     0.537100000000000E-01     0.366832230947234E+02     0.221700260552000E+00
     0.544000000000000E-01     0.369103305422338E+02     0.860953525286000E-01
     0.546000000000000E-01     0.369343139402566E+02     0.176655181089000E+00
     0.566833670752000E-01     0.371710363933007E+02     0.110070937939000E+00
     0.576000000000000E-01     0.370489308908565E+02     0.161852672221000E+00
     0.583000000000000E-01     0.370720001887036E+02     0.206256669369000E+00
     0.583000000000000E-01     0.372402679623517E+02     0.168089681380000E+00
     0.589000000000000E-01     0.372088290384691E+02     0.165682350780000E+00
     0.618357646938000E-01     0.372905981801608E+02     0.115680071342000E+00
     0.626680000000000E-01     0.372382544695893E+02     0.156099434739000E+00
     0.638640836964000E-01     0.374894475959391E+02     0.119614965162000E+00
     0.643000000000000E-01     0.370356111623935E+02     0.166008010074000E+00
     0.651000000000000E-01     0.375689682207557E+02     0.162808584338000E+00
     0.664403123402000E-01     0.375428789899574E+02     0.117582401400000E+00
     0.684000000000000E-01     0.373821000772521E+02     0.170591643132000E+00
     0.688000000000000E-01     0.373238341453227E+02     0.198025808769000E+00
     0.690000000000000E-01     0.374020571431924E+02     0.176163639895000E+00
     0.700860000000000E-01     0.375078397150680E+02     0.158466934433000E+00
     0.746050000000000E-01     0.375593308157346E+02     0.159770864560000E+00
     0.753501119815000E-01     0.377521184093060E+02     0.102274672969000E+00
     0.784000000000000E-01     0.378588702681832E+02     0.872168046336000E-01
     0.785770000000000E-01     0.380348219226853E+02     0.155635656185000E+00
     0.800481440021000E-01     0.377107480275215E+02     0.101968492144000E+00
     0.843000000000000E-01     0.379811015475485E+02     0.200253645227000E+00
     0.856894593607000E-01     0.380654893568089E+02     0.116365280048000E+00
     0.856961170652000E-01     0.380477102815089E+02     0.117971237872000E+00
     0.858546441437000E-01     0.379215637518466E+02     0.112589853288000E+00
     0.875890000000000E-01     0.376641452896483E+02     0.187745679272000E+00
     0.890194292939000E-01     0.380818621284102E+02     0.117432705446000E+00
     0.929368181997000E-01     0.382180661629251E+02     0.118950355954000E+00
     0.931494026855000E-01     0.382034965314429E+02     0.114453830019000E+00
     0.939086318905000E-01     0.381723794670954E+02     0.117952906116000E+00
     0.100915000000000E+00     0.384306897295780E+02     0.167333481677000E+00
     0.102715033935000E+00     0.386635692716472E+02     0.119892508421000E+00
     0.106712340103000E+00     0.383784110923035E+02     0.117621429285000E+00
     0.108638265524000E+00     0.385700102107663E+02     0.119489654857000E+00
     0.113042644637000E+00     0.387935034673725E+02     0.119237437717000E+00
     0.114712620870000E+00     0.385498080856565E+02     0.113372328428000E+00
     0.116348502599000E+00     0.388399909382757E+02     0.112296117135000E+00
     0.117277362889000E+00     0.387865420188165E+02     0.113702596154000E+00
     0.117625328764000E+00     0.387315534500034E+02     0.113609962836000E+00
     0.119671538006000E+00     0.386549427399756E+02     0.110740033634000E+00
     0.122828899970000E+00     0.387676971782696E+02     0.121065439130000E+00
     0.124100000000000E+00     0.388455014231967E+02     0.111614246562000E+00
     0.124273528772000E+00     0.390025656962521E+02     0.111134858876000E+00
     0.124400000000000E+00     0.387364407382548E+02     0.164268687505000E+00
     0.126473161901000E+00     0.389687848873000E+02     0.119200794649000E+00
     0.126687989090000E+00     0.388634813212908E+02     0.123937308071000E+00
     0.128726735467000E+00     0.388897962797632E+02     0.109513340257000E+00
     0.129278206634000E+00     0.390528197769794E+02     0.134402615626000E+00
     0.129900000000000E+00     0.391083419858275E+02     0.129444951550000E+00
     0.141787999126000E+00     0.392890760462544E+02     0.119521982693000E+00
     0.142404652400000E+00     0.392680245378748E+02     0.113661193986000E+00
     0.143705907000000E+00     0.392690914971498E+02     0.116311967547000E+00
     0.144100000000000E+00     0.395233486002379E+02     0.156777491835000E+00
     0.144621085972000E+00     0.393629899176072E+02     0.112727024487000E+00
     0.145668547261000E+00     0.394381379149738E+02     0.125750126249000E+00
     0.146290296068000E+00     0.392628370410108E+02     0.120248735474000E+00
     0.147025138268000E+00     0.393092166355836E+02     0.111657296738000E+00
     0.151857894665000E+00     0.394124280819441E+02     0.113847311938000E+00
     0.154632097239000E+00     0.392247888466912E+02     0.112047393667000E+00
     0.155247328221000E+00     0.393588017777518E+02     0.115415755865000E+00
     0.156100000000000E+00     0.394961048022914E+02     0.841441236726000E-01
     0.159000000000000E+00     0.390472417011374E+02     0.242628007812000E+00
     0.159889937748000E+00     0.393333853692224E+02     0.114747057769000E+00
     0.160861854636000E+00     0.395388845010817E+02     0.118644899810000E+00
     0.163795894987000E+00     0.395768977952020E+02     0.113134872307000E+00
     0.170628396749000E+00     0.397484585832567E+02     0.116376625267000E+00
     0.172000000000000E+00     0.402151600805600E+02     0.429709120635000E+00
     0.172742230556000E+00     0.396676325414387E+02     0.113458015916000E+00
     0.173910056566000E+00     0.397482771177138E+02     0.128967775815000E+00
     0.177600694977000E+00     0.397150726133875E+02     0.124814155030000E+00
     0.178000000000000E+00     0.401325980806414E+02     0.235746048095000E+00
     0.179685640770000E+00     0.397391914934332E+02     0.116984880342000E+00
     0.180000000000000E+00     0.395291806635072E+02     0.445447560867000E+00
     0.180119779968000E+00     0.399708045283405E+02     0.115560254718000E+00
     0.181000000000000E+00     0.400186273469465E+02     0.227088514354000E+00
     0.182218239560000E+00     0.395407469054160E+02     0.119334463704000E+00
     0.182548913397000E+00     0.397769420384341E+02     0.114083136974000E+00
     0.183568404877000E+00     0.400229695644149E+02     0.123775734742000E+00
     0.185812446710000E+00     0.397605841725838E+02     0.120667757481000E+00
     0.186000000000000E+00     0.397474763164583E+02     0.189043139487000E+00
     0.188853175387000E+00     0.397532301015550E+02     0.119741860505000E+00
     0.189706566951000E+00     0.401508786296971E+02     0.119682792229000E+00
     0.192149980044000E+00     0.397926842770949E+02     0.121087443202000E+00
     0.194316512142000E+00     0.402006557025276E+02     0.126373844923000E+00
     0.196716068579000E+00     0.401189445571899E+02     0.134983153598000E+00
     0.200611719928000E+00     0.402115655163134E+02     0.132867364384000E+00
     0.202608679897000E+00     0.400975124167522E+02     0.128807331127000E+00
     0.204979685349000E+00     0.402254170663515E+02     0.123526942937000E+00
     0.205000000000000E+00     0.397882124936817E+02     0.217272003785000E+00
     0.210938395061000E+00     0.401007673908697E+02     0.120818770577000E+00
     0.211586981500000E+00     0.399196156816927E+02     0.159324733885000E+00
     0.211629598493000E+00     0.402766664925225E+02     0.115235180715000E+00
     0.212548765094000E+00     0.402709611586999E+02     0.131576962810000E+00
     0.213000000000000E+00     0.401530968639505E+02     0.223352610950000E+00
     0.214568258658000E+00     0.402974594069654E+02     0.116987445780000E+00
     0.215000000000000E+00     0.404715692240326E+02     0.193933997767000E+00
     0.215543320953000E+00     0.404327890721646E+02     0.140207657342000E+00
     0.216000000000000E+00     0.404750287403341E+02     0.215211774770000E+00
     0.216000000000000E+00     0.402623403045304E+02     0.244099860655000E+00
     0.216582821954000E+00     0.401713356240870E+02     0.152479838933000E+00
     0.218000000000000E+00     0.406192419959114E+02     0.222222737823000E+00
     0.218347445403000E+00     0.404197566665863E+02     0.124421502953000E+00
     0.218585189041000E+00     0.400455797942507E+02     0.117113950953000E+00
     0.228528473881000E+00     0.402689211811808E+02     0.122011371320000E+00
     0.232781107182000E+00     0.402281382767533E+02     0.151788367840000E+00
     0.239000000000000E+00     0.405177102573817E+02     0.204167929675000E+00
     0.240000000000000E+00     0.407219575349191E+02     0.402844159873000E+00
     0.242504680476000E+00     0.406061430905665E+02     0.150915056663000E+00
     0.244378876797000E+00     0.406015605926537E+02     0.124309900698000E+00
     0.248508130676000E+00     0.405292680769756E+02     0.125645589328000E+00
     0.248600000000000E+00     0.405045346237963E+02     0.154515955385000E+00
     0.249511054792000E+00     0.409881376303551E+02     0.132323047466000E+00
     0.250667631110000E+00     0.405844201554015E+02     0.120970959661000E+00
     0.251740186424000E+00     0.405400865001599E+02     0.118440110682000E+00
     0.252486060029000E+00     0.406939790444965E+02     0.145050195669000E+00
     0.255490620022000E+00     0.405693980965879E+02     0.150967373278000E+00
     0.256475742725000E+00     0.402662610495187E+02     0.156286225391000E+00
     0.257497888297000E+00     0.407043686619157E+02     0.131393591319000E+00
     0.257740303509000E+00     0.407063997068234E+02     0.135891055781000E+00
     0.258028270562000E+00     0.405891192591062E+02     0.137108498782000E+00
     0.260000000000000E+00     0.406373915427857E+02     0.199851735971000E+00
     0.260533476953000E+00     0.407870920017915E+02     0.148279348857000E+00
     0.260586108317000E+00     0.406341644305968E+02     0.141595051803000E+00
     0.263000000000000E+00     0.411661298495388E+02     0.134567832845000E+00
     0.263491026592000E+00     0.407296507270949E+02     0.127293080139000E+00
     0.263647950642000E+00     0.407306607235407E+02     0.139823620366000E+00
     0.265762479518000E+00     0.407735580948923E+02     0.124803942242000E+00
     0.266000000000000E+00     0.405695103944053E+02     0.250227167194000E+00
     0.269000000000000E+00     0.407826231749064E+02     0.256400638530000E+00
     0.270434442827000E+00     0.407493633011274E+02     0.145477928824000E+00
     0.271000000000000E+00     0.404752275162555E+02     0.215267000690000E+00
     0.273454768884000E+00     0.408973308244006E+02     0.163668270948000E+00
     0.274000000000000E+00     0.402965301169769E+02     0.208670920573000E+00
     0.275440197435000E+00     0.411265073890621E+02     0.142941615821000E+00
     0.277853422619000E+00     0.408126804850618E+02     0.168994207516000E+00
     0.278000000000000E+00     0.407162736770730E+02     0.198452987813000E+00
     0.278924676328000E+00     0.408848170179140E+02     0.130157044183000E+00
     0.279454732610000E+00     0.408621567054156E+02     0.138724732909000E+00
     0.284000000000000E+00     0.410051860340481E+02     0.206616021304000E+00
     0.285000000000000E+00     0.409488146402570E+02     0.136594130276000E+00
     0.286000000000000E+00     0.408033082504225E+02     0.258144621020000E+00
     0.286618706522000E+00     0.410396512645042E+02     0.133800275646000E+00
     0.288418344585000E+00     0.410443580945315E+02     0.149598782119000E+00
     0.291200000000000E+00     0.411888487202467E+02     0.146624503178000E+00
     0.292469756082000E+00     0.408593280582605E+02     0.141400626542000E+00
     0.295585550063000E+00     0.407582901672557E+02     0.215064876219000E+00
     0.297518833561000E+00     0.409580693215153E+02     0.205185826917000E+00
     0.298409273630000E+00     0.412835463750277E+02     0.215818596470000E+00
     0.298777444088000E+00     0.410924842081857E+02     0.154536935815000E+00
     0.300000000000000E+00     0.410986557502437E+02     0.314865571912000E+00
     0.300312695802000E+00     0.413412057213143E+02     0.151500986130000E+00
     0.301755029535000E+00     0.410689145630409E+02     0.246761480943000E+00
     0.302000000000000E+00     0.411006247672940E+02     0.272346550274000E+00
     0.302401621080000E+00     0.411453061511020E+02     0.134910116135000E+00
     0.308580866071000E+00     0.411569452322446E+02     0.177652782589000E+00
     0.309000000000000E+00     0.410053721089067E+02     0.214863256477000E+00
     0.309000000000000E+00     0.409553146276136E+02     0.235823875951000E+00
     0.309492645411000E+00     0.410992986167254E+02     0.134960171498000E+00
     0.309547337158000E+00     0.411483428852373E+02     0.154012332803000E+00
     0.312883364158000E+00     0.410522666782397E+02     0.139506514174000E+00
     0.314000000000000E+00     0.410265656178494E+02     0.242363893683000E+00
     0.316429844695000E+00     0.410514757770966E+02     0.192866122248000E+00
     0.320000000000000E+00     0.421400570382782E+02     0.420998113276000E+00
     0.320446988861000E+00     0.413263462840569E+02     0.134380311167000E+00
     0.326396483203000E+00     0.410331235241215E+02     0.144388065833000E+00
     0.329000000000000E+00     0.413823623871275E+02     0.269807401411000E+00
     0.330512448683000E+00     0.415978412598456E+02     0.156723683034000E+00
     0.330634628330000E+00     0.412394068947488E+02     0.152699339448000E+00
     0.331000000000000E+00     0.414353756082865E+02     0.137704766569000E+00
     0.332000000000000E+00     0.418205557615086E+02     0.239903276269000E+00
     0.337300000000000E+00     0.412020451722485E+02     0.137240588972000E+00
     0.338802609134000E+00     0.413758096844133E+02     0.170908367946000E+00
     0.339600000000000E+00     0.413258921904579E+02     0.226527941211000E+00
     0.340000000000000E+00     0.410365732416085E+02     0.231193988299000E+00
     0.340000000000000E+00     0.415705001060011E+02     0.228190770173000E+00
     0.340200000000000E+00     0.413612452048942E+02     0.135546197344000E+00
     0.341000000000000E+00     0.416810030043661E+02     0.224504319999000E+00
     0.342000000000000E+00     0.416941559200332E+02     0.214810320670000E+00
     0.344000000000000E+00     0.415520036740777E+02     0.209772839036000E+00
     0.346000000000000E+00     0.414708572191139E+02     0.152213246450000E+00
     0.348000000000000E+00     0.415696505463325E+02     0.217425302485000E+00
     0.348345020835000E+00     0.416722376215652E+02     0.217774889061000E+00
     0.348583857544000E+00     0.415924005777464E+02     0.177371887871000E+00
     0.352000000000000E+00     0.416163712541620E+02     0.224191540842000E+00
     0.355000000000000E+00     0.414027128436864E+02     0.201468434020000E+00
     0.357000000000000E+00     0.415349817055547E+02     0.137721476533000E+00
     0.357507357032000E+00     0.414998837189879E+02     0.202587682493000E+00
     0.357800000000000E+00     0.417480167419984E+02     0.136096151868000E+00
     0.360034211989000E+00     0.412770983469954E+02     0.175048186524000E+00
     0.361934308832000E+00     0.414113819423064E+02     0.166441914984000E+00
     0.363000000000000E+00     0.417667075075169E+02     0.208173297091000E+00
     0.366602898789000E+00     0.414764844203477E+02     0.198404429556000E+00
     0.368000000000000E+00     0.413175920431133E+02     0.207180966902000E+00
     0.369000000000000E+00     0.414881265174896E+02     0.152644121885000E+00
     0.370900000000000E+00     0.414651919479149E+02     0.154834006045000E+00
     0.374000000000000E+00     0.417899374719436E+02     0.923198713714000E+00
     0.378965802039000E+00     0.411772508621939E+02     0.197094007682000E+00
     0.379662293575000E+00     0.417658778110854E+02     0.147219740299000E+00
     0.380000000000000E+00     0.420040678200915E+02     0.327833114422000E+00
     0.380359487336000E+00     0.418416076763509E+02     0.217910527631000E+00
     0.380416514286000E+00     0.416542559349786E+02     0.198558434394000E+00
     0.383000000000000E+00     0.417901712803820E+02     0.251010174803000E+00
     0.387297107465000E+00     0.416718790266276E+02     0.186429866190000E+00
     0.388000000000000E+00     0.419700114072021E+02     0.465017827284000E+00
     0.389288787688000E+00     0.413813497656976E+02     0.200867575788000E+00
     0.391599213441000E+00     0.418018276584805E+02     0.171564315895000E+00
     0.393974478272000E+00     0.416766077008989E+02     0.150707319622000E+00
     0.396500000000000E+00     0.421948734332005E+02     0.202374999057000E+00
     0.399000000000000E+00     0.419644106935169E+02     0.292952212036000E+00
     0.399601334976000E+00     0.418406797393206E+02     0.205132433748000E+00
     0.400000000000000E+00     0.417945807860306E+02     0.477589020966000E+00
     0.401000000000000E+00     0.418493809842261E+02     0.229308722315000E+00
     0.401000000000000E+00     0.416225391598210E+02     0.332838743195000E+00
     0.401000000000000E+00     0.418491458730426E+02     0.369893982362000E+00
     0.402459619216000E+00     0.420162937559764E+02     0.211278493994000E+00
     0.408319092164000E+00     0.416531664765611E+02     0.206369618511000E+00
     0.410000000000000E+00     0.416677388889397E+02     0.256981142148000E+00
     0.412000000000000E+00     0.413114517402926E+02     0.312056381676000E+00
     0.415000000000000E+00     0.417902197639233E+02     0.141093702805000E+00
     0.416000000000000E+00     0.425261702926891E+02     0.303252121943000E+00
     0.416000000000000E+00     0.418029547590576E+02     0.556342333092000E+00
     0.420926821103000E+00     0.420433951360947E+02     0.202321001311000E+00
     0.421000000000000E+00     0.420221254522372E+02     0.322004955245000E+00
     0.421000000000000E+00     0.419820356395272E+02     0.233773507359000E+00
     0.422000000000000E+00     0.420908460829348E+02     0.230713845858000E+00
     0.423000000000000E+00     0.419036523736583E+02     0.243579000627000E+00
     0.425000000000000E+00     0.421688940595184E+02     0.489149082777000E+00
     0.426000000000000E+00     0.419057281713627E+02     0.224920671050000E+00
     0.429000000000000E+00     0.423488664378162E+02     0.215471389689000E+00
     0.430000000000000E+00     0.418010569950996E+02     0.357827626062000E+00
     0.430000000000000E+00     0.416072641504389E+02     0.608328916424000E+00
     0.430000000000000E+00     0.416593570919391E+02     0.458804990654000E+00
     0.430000000000000E+00     0.423441800620366E+02     0.151082143320000E+00
     0.430000000000000E+00     0.420788985762302E+02     0.148171058429000E+00
     0.430000000000000E+00     0.414736317567490E+02     0.458327873977000E+00
     0.436000000000000E+00     0.418574557962216E+02     0.216533947130000E+00
     0.436000000000000E+00     0.420257147226212E+02     0.228262759927000E+00
     0.440000000000000E+00     0.422066795155904E+02     0.107484807666000E+00
     0.440000000000000E+00     0.415958818065544E+02     0.319794878908000E+00
     0.449000000000000E+00     0.419044683719239E+02     0.157063020734000E+00
     0.450000000000000E+00     0.419682223302892E+02     0.453701962845000E+00
     0.450000000000000E+00     0.415131185529873E+02     0.589947886789000E+00
     0.450000000000000E+00     0.427901062692754E+02     0.508290617768000E+00
     0.451000000000000E+00     0.421204344088801E+02     0.143055821894000E+00
     0.453000000000000E+00     0.422072415761851E+02     0.524912951846000E+00
     0.455000000000000E+00     0.417128961318534E+02     0.229627540013000E+00
     0.460000000000000E+00     0.424004360867865E+02     0.210095497723000E+00
     0.460700000000000E+00     0.422841445444614E+02     0.181262455490000E+00
     0.462700000000000E+00     0.422490437865470E+02     0.147568801620000E+00
     0.463000000000000E+00     0.422329651619903E+02     0.266464453760000E+00
     0.465000000000000E+00     0.420883287949270E+02     0.600030636232000E+00
     0.468000000000000E+00     0.420539254499133E+02     0.163914770600000E+00
     0.469000000000000E+00     0.420064296066717E+02     0.283152405810000E+00
     0.470000000000000E+00     0.421794488507593E+02     0.153239601720000E+00
     0.472000000000000E+00     0.418312599883485E+02     0.514472850425000E+00
     0.475000000000000E+00     0.425357095088876E+02     0.255958316646000E+00
     0.477000000000000E+00     0.422326108348435E+02     0.183599933891000E+00
     0.479000000000000E+00     0.423850156257859E+02     0.358136299792000E+00
     0.480000000000000E+00     0.421371241724694E+02     0.521420422571000E+00
     0.490000000000000E+00     0.421857333154256E+02     0.446484505947000E+00
     0.493000000000000E+00     0.426879534524428E+02     0.263957546500000E+00
     0.495000000000000E+00     0.427560070679350E+02     0.443653473108000E+00
     0.495000000000000E+00     0.425223388552001E+02     0.232347965963000E+00
     0.496000000000000E+00     0.421984319014263E+02     0.152814539841000E+00
     0.497000000000000E+00     0.422879854783173E+02     0.221637712856000E+00
     0.497000000000000E+00     0.421901138158719E+02     0.167980194286000E+00
     0.498000000000000E+00     0.420967178766312E+02     0.642406504117000E+00
     0.500000000000000E+00     0.427096185337828E+02     0.317337166801000E+00
     0.504300000000000E+00     0.423997744059344E+02     0.149577507475000E+00
     0.508000000000000E+00     0.426637541166427E+02     0.231767202806000E+00
     0.510000000000000E+00     0.423402738145852E+02     0.226762461825000E+00
     0.511000000000000E+00     0.424390514370959E+02     0.890617545983000E-01
     0.514000000000000E+00     0.420437790286638E+02     0.493735911043000E+00
     0.519000000000000E+00     0.421426991435003E+02     0.314462491184000E+00
     0.521000000000000E+00     0.424395381712760E+02     0.160996803083000E+00
     0.521000000000000E+00     0.427647053374324E+02     0.199332155448000E+00
     0.522000000000000E+00     0.428510199926615E+02     0.247150868840000E+00
     0.526000000000000E+00     0.430986435059328E+02     0.513679185483000E+00
     0.526000000000000E+00     0.427307110802233E+02     0.166943097230000E+00
     0.528000000000000E+00     0.423649585642044E+02     0.302654151443000E+00
     0.528000000000000E+00     0.422629624057450E+02     0.244290675290000E+00
     0.532000000000000E+00     0.422697361989790E+02     0.166651053217000E+00
     0.539000000000000E+00     0.425448019250318E+02     0.241797816352000E+00
     0.540000000000000E+00     0.425153581495447E+02     0.111551880919000E+00
     0.540000000000000E+00     0.422671054223718E+02     0.282945441834000E+00
     0.543000000000000E+00     0.424622078953090E+02     0.981414342081000E-01
     0.548000000000000E+00     0.427024038258771E+02     0.188370893410000E+00
     0.550000000000000E+00     0.428267462178580E+02     0.155204641550000E+00
     0.550000000000000E+00     0.409674523499820E+02     0.100681218041000E+01
     0.551600000000000E+00     0.425131687961932E+02     0.149254872779000E+00
     0.552000000000000E+00     0.425357960905397E+02     0.103414502954000E+00
     0.557000000000000E+00     0.424370263537162E+02     0.157456031152000E+00
     0.561000000000000E+00     0.429347484561404E+02     0.306521908685000E+00
     0.562000000000000E+00     0.426130796380239E+02     0.333215441560000E+00
     0.564000000000000E+00     0.429601134156218E+02     0.292022400672000E+00
     0.568000000000000E+00     0.422805426745152E+02     0.289546896784000E+00
     0.570000000000000E+00     0.429371515702963E+02     0.388952633173000E+00
     0.570000000000000E+00     0.425074739682723E+02     0.470382088569000E+00
     0.571000000000000E+00     0.426183221410286E+02     0.174223963618000E+00
     0.579000000000000E+00     0.412647214564908E+02     0.643297806625000E+00
     0.580000000000000E+00     0.435536263559840E+02     0.519962251252000E+00
     0.581000000000000E+00     0.424822270346341E+02     0.505033960368000E+00
     0.581000000000000E+00     0.429991790756813E+02     0.155462517843000E+00
     0.581000000000000E+00     0.428018860354287E+02     0.391236930244000E+00
     0.581700000000000E+00     0.427897806585668E+02     0.159803369147000E+00
     0.582000000000000E+00     0.429855008176579E+02     0.325207917744000E+00
     0.583000000000000E+00     0.430347479792610E+02     0.286483930480000E+00
     0.591000000000000E+00     0.433649857725527E+02     0.306006112419000E+00
     0.592000000000000E+00     0.427639915543162E+02     0.172394047168000E+00
     0.592000000000000E+00     0.430960693102808E+02     0.717963493004000E+00
     0.599000000000000E+00     0.432951331154966E+02     0.382165112455000E+00
     0.603000000000000E+00     0.428404523836345E+02     0.278628902676000E+00
     0.604000000000000E+00     0.430494726970928E+02     0.159687049690000E+00
     0.610000000000000E+00     0.430549778384734E+02     0.156248253322000E+00
     0.612000000000000E+00     0.428539283042638E+02     0.283023414891000E+00
     0.613000000000000E+00     0.426119454352063E+02     0.260214469673000E+00
     0.613000000000000E+00     0.433238619662148E+02     0.165096720419000E+00
     0.615000000000000E+00     0.421982682366513E+02     0.556222743429000E+00
     0.619000000000000E+00     0.432485350137632E+02     0.247822481956000E+00
     0.620000000000000E+00     0.428644896058763E+02     0.169564685824000E+00
     0.620000000000000E+00     0.430786178926902E+02     0.390344663066000E+00
     0.623000000000000E+00     0.431552999982351E+02     0.241428134977000E+00
     0.626800000000000E+00     0.430711339367091E+02     0.157227804978000E+00
     0.631000000000000E+00     0.430995252513757E+02     0.244974123167000E+00
     0.631000000000000E+00     0.428998683594974E+02     0.234369669625000E+00
     0.633000000000000E+00     0.428988655131812E+02     0.259877853306000E+00
     0.633000000000000E+00     0.429614255431526E+02     0.169957137727000E+00
     0.640000000000000E+00     0.430476170072062E+02     0.188809377430000E+00
     0.640000000000000E+00     0.432977721501950E+02     0.280114332269000E+00
     0.640000000000000E+00     0.430911419763683E+02     0.193749016644000E+00
     0.643000000000000E+00     0.431744180642366E+02     0.166369771753000E+00
     0.645000000000000E+00     0.429738951163460E+02     0.234273129747000E+00
     0.655000000000000E+00     0.435118433156579E+02     0.497081624743000E+00
     0.656000000000000E+00     0.444709468915711E+02     0.627202505766000E+00
     0.657000000000000E+00     0.443561332305537E+02     0.658728481435000E+00
     0.670000000000000E+00     0.433225849147146E+02     0.209654285426000E+00
     0.671000000000000E+00     0.429654631641991E+02     0.120545527580000E+00
     0.679000000000000E+00     0.435828960856522E+02     0.195969077309000E+00
     0.680000000000000E+00     0.435567367315981E+02     0.290951926367000E+00
     0.687000000000000E+00     0.433643730360111E+02     0.272537782393000E+00
     0.687000000000000E+00     0.429991099424529E+02     0.285188798534000E+00
     0.688000000000000E+00     0.430962333294690E+02     0.165777265258000E+00
     0.691000000000000E+00     0.434002430034157E+02     0.253842244922000E+00
     0.695000000000000E+00     0.427550105749850E+02     0.205449194390000E+00
     0.698000000000000E+00     0.436374945734963E+02     0.433480217975000E+00
     0.707000000000000E+00     0.432986165486488E+02     0.256253916455000E+00
     0.710000000000000E+00     0.432307112433782E+02     0.184280954678000E+00
     0.711000000000000E+00     0.434690698807709E+02     0.366725181041000E+00
     0.721000000000000E+00     0.436485139491431E+02     0.187179852377000E+00
     0.730000000000000E+00     0.433477454891283E+02     0.194894052413000E+00
     0.735000000000000E+00     0.435729219457221E+02     0.200575809439000E+00
     0.740000000000000E+00     0.432050175817825E+02     0.198402487067000E+00
     0.741000000000000E+00     0.435877291347429E+02     0.223286859678000E+00
     0.750000000000000E+00     0.436938305212375E+02     0.138318457637000E+00
     0.752000000000000E+00     0.434444770980782E+02     0.207071436502000E+00
     0.756000000000000E+00     0.436812357807566E+02     0.192775955331000E+00
     0.763000000000000E+00     0.438620928715779E+02     0.898163121417000E+00
     0.772000000000000E+00     0.435358247774593E+02     0.218834770025000E+00
     0.780000000000000E+00     0.433883109648904E+02     0.171318833305000E+00
     0.781000000000000E+00     0.436824800270306E+02     0.321348684213000E+00
     0.791000000000000E+00     0.439158924901272E+02     0.201343679161000E+00
     0.799000000000000E+00     0.442779415783932E+02     0.233174228134000E+00
     0.800000000000000E+00     0.437280421661047E+02     0.215165244047000E+00
     0.810000000000000E+00     0.439417891630780E+02     0.212685692189000E+00
     0.811000000000000E+00     0.434901106777374E+02     0.210619526441000E+00
     0.812000000000000E+00     0.430332259631822E+02     0.379016341937000E+00
     0.815000000000000E+00     0.433101293965547E+02     0.728921730286000E+00
     0.816000000000000E+00     0.440363620057995E+02     0.457863421823000E+00
     0.817000000000000E+00     0.439683711348833E+02     0.210286863572000E+00
     0.818000000000000E+00     0.437167505578334E+02     0.267558805740000E+00
     0.821000000000000E+00     0.435796829831834E+02     0.194013591972000E+00
     0.821800000000000E+00     0.436958706604297E+02     0.213206983950000E+00
     0.830000000000000E+00     0.439034518338393E+02     0.471046842772000E+00
     0.830000000000000E+00     0.432806073217375E+02     0.208835355956000E+00
     0.833000000000000E+00     0.439578781252469E+02     0.520913245917000E+00
     0.839000000000000E+00     0.438099277911599E+02     0.222124147444000E+00
     0.840000000000000E+00     0.437462622408623E+02     0.208697053243000E+00
     0.840000000000000E+00     0.440771712848855E+02     0.222348502282000E+00
     0.850000000000000E+00     0.436481652933599E+02     0.171796430655000E+00
     0.854000000000000E+00     0.436583093133593E+02     0.225569905838000E+00
     0.859000000000000E+00     0.434820569347203E+02     0.296965045086000E+00
     0.860000000000000E+00     0.438508861872288E+02     0.172411965167000E+00
     0.868000000000000E+00     0.437342829282014E+02     0.246095165260000E+00
     0.870000000000000E+00     0.439619575098447E+02     0.278817290376000E+00
     0.874000000000000E+00     0.440349757869231E+02     0.388089303157000E+00
     0.882000000000000E+00     0.437989430662263E+02     0.583987119465000E+00
     0.885000000000000E+00     0.436074556550914E+02     0.286230184051000E+00
     0.905000000000000E+00     0.436043076748855E+02     0.257467547410000E+00
     0.910000000000000E+00     0.441126745795400E+02     0.267241049423000E+00
     0.927100000000000E+00     0.445870458761320E+02     0.286707554506000E+00
     0.930000000000000E+00     0.442331480127133E+02     0.289918379066000E+00
     0.935000000000000E+00     0.439997436540603E+02     0.227616538358000E+00
     0.936000000000000E+00     0.448245499463526E+02     0.705981399741000E+00
     0.949000000000000E+00     0.441134094030779E+02     0.284630783131000E+00
     0.950000000000000E+00     0.439001855936339E+02     0.297754710705000E+00
     0.950000000000000E+00     0.443591525765984E+02     0.235845124417000E+00
     0.950000000000000E+00     0.439221751369937E+02     0.291243768847000E+00
     0.953000000000000E+00     0.452703790738357E+02     0.954717441018000E+00
     0.960000000000000E+00     0.443015157891977E+02     0.275514631381000E+00
     0.961000000000000E+00     0.438032618676027E+02     0.340056560686000E+00
     0.970000000000000E+00     0.440003026474854E+02     0.805210302782000E+00
     0.970000000000000E+00     0.436362562286942E+02     0.291454456047000E+00
     0.974000000000000E+00     0.439120248506994E+02     0.174238940337000E+00
     0.975000000000000E+00     0.443722744116650E+02     0.212780603120000E+00
     0.978000000000000E+00     0.443575431792092E+02     0.292647301809000E+00
     0.983000000000000E+00     0.440943256818325E+02     0.434997641070000E+00
     0.101000000000000E+01     0.439038739941263E+02     0.375672417143000E+00
     0.101000000000000E+01     0.440013783396518E+02     0.333748616990000E+00
     0.101700000000000E+01     0.444484342730139E+02     0.171046154322000E+00
     0.102000000000000E+01     0.442738054427943E+02     0.232339527378000E+00
     0.102000000000000E+01     0.440811160691478E+02     0.220963762065000E+00
     0.103000000000000E+01     0.442141401023608E+02     0.141254202601000E+00
     0.105700000000000E+01     0.444340549163386E+02     0.238584685235000E+00
     0.109200000000000E+01     0.449382950015188E+02     0.246511864633000E+00
     0.111000000000000E+01     0.448779880116944E+02     0.447832632795000E+00
     0.112000000000000E+01     0.445524185430572E+02     0.224079094547000E+00
     0.112400000000000E+01     0.445666769372891E+02     0.197263047621000E+00
     0.114000000000000E+01     0.450131505249435E+02     0.368403293803000E+00
     0.114000000000000E+01     0.444992804577674E+02     0.228701029542000E+00
     0.118800000000000E+01     0.446150297813696E+02     0.500544949291000E+00
     0.119000000000000E+01     0.450676588264630E+02     0.247108113742000E+00
     0.119200000000000E+01     0.446210872996472E+02     0.200258071902000E+00
     0.121500000000000E+01     0.451270612682147E+02     0.560317445151000E+00
     0.123000000000000E+01     0.450852781193936E+02     0.235028400564000E+00
     0.124100000000000E+01     0.455326809993928E+02     0.478371053196000E+00
     0.126500000000000E+01     0.446991881324911E+02     0.235469959716000E+00
     0.130000000000000E+01     0.452558555696110E+02     0.242719167821000E+00
     0.130500000000000E+01     0.444965273618409E+02     0.259540115010000E+00
     0.130700000000000E+01     0.457250214442320E+02     0.314696709568000E+00
     0.131500000000000E+01     0.449363579822787E+02     0.187508839367000E+00
     0.134000000000000E+01     0.445749297419789E+02     0.275015093127000E+00
     0.135000000000000E+01     0.451634983843731E+02     0.185705412075000E+00
     0.137000000000000E+01     0.453352976236360E+02     0.262748449529000E+00
     0.139000000000000E+01     0.452297265023922E+02     0.250631965185000E+00
     0.141400000000000E+01     0.444216089228581E+02     0.346181483252000E+00
